"message_id","message","message_utc","from_id","date","time"
"151563","Bando de velhacos… no meu ponto de vista se o da Aeronáutica tivesse tbm apoiado … juntamente com o Arruda recém colocado no cargo… teria acontecido…","2023-01-18 18:04:52","336732801.0","2023-01-18","18:04:52"
"151476","Sera real","2023-01-18 10:40:21","1480352705.0","2023-01-18","10:40:21"
"151452","Tá","2023-01-18 08:00:12","5235403100.0","2023-01-18","08:00:12"
"151416","Esse é p guardar 🇧🇷","2023-01-18 01:04:10","1041472326.0","2023-01-18","01:04:10"
"151417","McCarthy substituirá Biden como 'presidente' dos EUA, ONU se prepara para se mudar para o Laos - 17 de janeiro de 2023



A semana passada testemunhou várias mudanças sísmicas nas estruturas de poder geopolítico. Fontes do Pentágono e do MI6 dizem que o avatar amplamente desprezado “Joe Biden” substituirá o presidente dos Estados Unidos como presidente da Câmara, Kevin McCarthy. Além disso, começaram a sério os preparativos para mudar a sede das Nações Unidas de Nova York para o Laos, dizem fontes da CIA no Laos.

Essas mudanças estão ocorrendo enquanto os principais culpados do atual estado de disfunção global se reúnem no Fórum Econômico Mundial em Davos, na Suíça. Quando os relatórios estavam prestes a começar, fontes da CIA disseram que o chefe da organização, Klaus Schwab Rothschild, estava ausente da abertura da conferência WEF em Davos hoje ""devido a problemas de saúde"".



No entanto, isso pode ser uma armadilha de desinformação projetada para minar a credibilidade do boletim informativo por e-mail, fazendo com que a pessoa ou avatar apareça após anunciar sua ausência. O FEM não foi encontrado para comentar. De qualquer forma, várias fontes concordam que os criminosos de Davos perderam a batalha pelo planeta.


 

O que se sabe é que todo o ramo Hitler/Rockefeller da classe dominante perdeu o poder. Em outras palavras, os descendentes de Adolf Hitler e John Rockefeller I, incluindo Angela Merkel, Hillary Clinton, Barack Obama, David Rockefeller Jr., etc., serão destituídos de todo poder e título, disseram fontes do MI6. Para ver se isso é verdade, precisamos ver a remoção pública do “presidente Joe Biden”, o avatar Rockefeller, com o falso Papa Francisco em uma máscara de borracha.

Há sinais de que isso está acontecendo. Nos Estados Unidos, a luta pelo poder resultou em um acordo segundo o qual nem Donald Trump nem Joe Biden estarão no poder. A Suprema Corte rejeitou o julgamento de Brunson para anular a eleição de 2020 porque instalaria Donald Trump como presidente. Porque Donald Trump, que está em público desde janeiro de 2020, é um golpista que promove vacinas. Segundo seu filho, Barron, o verdadeiro Donald Trump, que foi ferido pelas vacinas, era veementemente contra as vacinas. Portanto, se a Suprema Corte tivesse restabelecido Trump, o avatar de Joe Biden ordenado por Rockefeller teria sido substituído pelo avatar de Trump ordenado por Rothschild.

Portanto, as 15 cédulas feitas para fazer de Kevin McCarthy o presidente da Câmara viram um sério acordo de apostas. McCarthy foi forçado a se comprometer, entre outras coisas, com audiências sobre como o FBI havia se tornado uma força perversa para oprimir os patriotas americanos.


De acordo com as últimas informações, Joe Biden será demitido junto com a candidata presidencial de segunda escolha, Kamala Harris. McCarthy então se tornaria presidente, mas apenas como uma figura interina supervisionando novas e reais eleições. Em tal eleição, o verdadeiro Donald Trump concorreria. É por isso que vemos manchetes como esta na mídia de propaganda corporativa agora.

O ex-conselheiro de Clinton, David Gagen, diz que Biden corre o risco de ser 'enganado' no caso do dossiê: 'Problema muito, muito grande'.

O ex-conselheiro de Clinton, David Gergen, diz que Biden corre o risco de ser 'desanimado' pelo caso Docs: 'Muito, muito grande coisa'O ex-conselheiro do governo Clinton, David Gergen, acredita que Pwww.mediaite.com

Isso mostra que ele está tentando usar a história dos ""papéis de garagem"" como desculpa para acabar com a farsa de Biden, em vez de vender o governo dos Estados Unidos para estupros e assassinatos de crianças e gângsteres ucranianos. Só para reiterar que é uma farsa, repare que o falso Biden não está piscando neste vídeo. Provavelmente CGI.

 

Este programa estúpido não vai durar muito.

Além disso, o movimento para remover o ""Papa Francisco"" é muito forte. É para ver a notícia de que a conspiração para remover o Papa Bento (Maledict) XVI ""começou para valer"" imediatamente após sua morte em 31 de dezembro.","2023-01-18 01:07:47","1997475860.0","2023-01-18","01:07:47"
"151408","Torres de energia elétrica derrubadas...","2023-01-18 00:12:52","5777571708.0","2023-01-18","00:12:52"
"151419","Manual de Comunicação para Crise de Vacinação - OMS

A Organização Mundial da Saúde criou um manual sobre como as autoridades de saúde pública e os governos devem ""gerenciar a população"" quando começarem a perder a confiança nas vacinas.

O documento encoraja os médicos a culpar os eventos adversos das vacinas em qualquer coisa, menos nas vacinas.

Você pode baixar e visualizar o manual neste link:
https://www.dropbox.com/s/y6lnazkbs9aydzz/WHO-EURO-2022-3471-43230-60590-eng.pdf?dl=0","2023-01-18 01:35:17","5258721336.0","2023-01-18","01:35:17"
"151425","O Cardiologista Dr. Aseem Malhotra falou AO VIVO na BBC News do Reino Unido sobre a ligação das vacinas de mRNA e os riscos de doenças cardíacas e o excesso de mortalidade que está havendo.

É uma quebra na Mídia de transmissão convencional, não há mais como esconder.

🇬🇧 BBC News UK | 13/01/2023","2023-01-18 02:24:05","790018936.0","2023-01-18","02:24:05"
"151407","Tática de guerra. Causar caos e se apresentar como salvadores vendendo a solução","2023-01-18 00:12:40","5777571708.0","2023-01-18","00:12:40"
"151414","O maior spawn Klaus Schwab gera medo pelo próximo golpe na humanidade, desta vez paralisando a sociedade com cortes no fornecimento de eletricidade, transporte e serviços básicos necessários.

Peço aos que ainda estão dormindo que se esforcem pelos filhos, pelos entes queridos, leiam um pouco além dos jornais, enxerguem um pouco além da caixinha boba, tentem quebrar as barreiras mentais que hoje eles hipnotizam e idiotam eles. porque você eles serão os culpados de que essas monstruosidades continuem com seus crimes. Se eles não tiverem pessoas para endossar suas medidas satânicas, eles não poderão executá-los e nós seremos os únicos a executá-los.","2023-01-18 00:55:49","5258721336.0","2023-01-18","00:55:49"
"151410","Estados Unidos respondem a Maduro que manterão sanções contra Venezuela - Notícias - R7 Internacional
https://noticias.r7.com/internacional/estados-unidos-respondem-a-maduro-que-manterao-sancoes-contra-venezuela-16012023","2023-01-18 00:46:20","790018936.0","2023-01-18","00:46:20"
"151411","A UE autorizou a comercialização para consumo humano de alguns tipos de insetos. Regulamento de Execução UE 2022/188.

https://www.lacapital.com.ar/informacion-general/europa-autoriza-el-consumo-humano-gusanos-escarabajos-y-grillos-n10040914.html

Eles sabem, e sabem muito bem, que os insetos contêm altas doses de CHITIN, que é tóxica para os humanos. Então, pergunte-se por que eles fazem isso? Por que há escassez de alimentos? NÃO. Por que eles querem enfraquecer ainda mais os seres humanos que ainda são saudáveis? SIM.","2023-01-18 00:47:41","5258721336.0","2023-01-18","00:47:41"
"151412","GazetaWeb - Diante da elite global, ONG propõe acabar com bilionários do mundo
https://www.gazetaweb.com/noticias/mundo/diante-da-elite-global-ong-propoe-acabar-com-bilionarios-do-mundo/","2023-01-18 00:49:03","790018936.0","2023-01-18","00:49:03"
"151413","🇺🇸Tucker: ""Eles estão escondendo tudo. Eles estão mentindo sobre tudo. Na verdade, mais documentos foram encontrados na casa de Joe Biden. Claramente, um esforço para minar Joe Biden por seu próprio partido e garantir que ele não concorra novamente .""","2023-01-18 00:49:12","790018936.0","2023-01-18","00:49:12"
"151415","ELES RIEM DA CENA OU DAQUELES QUE NÃO ENTENDERAM QUE É TUDO UM FILME?","2023-01-18 01:02:57","1997475860.0","2023-01-18","01:02:57"
"151421","A mentirosa nem sabe fazer cálculo anta quadrúpede","2023-01-18 01:40:49","5258721336.0","2023-01-18","01:40:49"
"151422","➡️ Santiago Abascal, líder do partido globalista espanhol teoricamente anti-elite VOX, é flagrado se reunindo ""EM PRIVADO"" com o líder do CLUBE globalista BILDERBERG, Juan Luis Cebrián, Diretor Geral do Grupo Prisa, dono do panfleto El País, Cadena Ser e outras 400 estações de rádio que transmitem na Espanha e na América do Sul divulgando os slogans da elite da Copa do Mundo e sua AGENDA 2030.

🤬 VOX = DISSIDENCIA CONTROLADA CRIADA PELA ELITE MUNDIAL PARA QUE NÃO HAJA OPOSIÇÃO REAL NA ESPANHA AOS BANQUEIROS MUNDIAIS DE ELITE (Soros🔯, Rothschild✡️, Rockefeller✡️, JPMorgan✡️, Goldman Sachs✡️, Larry Fink's Blackrock funds✡️, Vanguard ou Blackstone ).

➡️ Nunca se esqueça que durante o genocídio perpetrado durante a pandemia do VOX, nunca denunciou a HIDROXICLOROQUINA, que é a cura para o coronavírus (colaborando assim com o assassinato de 100.000 compatriotas espanhóis em dois anos), nunca denunciou o TESTE FAKE PCR, sempre defendeu e foi amordaçado, defendeu a vacina eugênica e nunca publicou uma única das milhões de pessoas mortas ou assassinadas no mundo após injetar o veneno chamado ""vacina Covid-19"".

https://www.moncloa.com/2023/01/17/abascal-impone-la-ley-del-silencio-en-vox-contra-quien-mencione-su-reunion-privada-con-juan-luis- cebrian-1800752/","2023-01-18 02:03:45","5258721336.0","2023-01-18","02:03:45"
"151432","Agenda 2030 é esta:

-NÃO carne ou laticínios por lei.

-2500 calorias por dia no máximo. Você não poderá pagar se exceder as calorias, exceto com isenções médicas.

-3 peças novas por ano. Roupas de trabalho não seriam incluídas nas limitações, mas o que é considerado 'moda' ou 'luxo' sim. Você terá que justificar os danos para obter um aumento no consumo de roupas.

-ZERO veículos de propriedade privada. Só será permitido o aluguer e elétrico para que a grande maioria da população utilize o transporte coletivo.

Está oficialmente no site do WEF.
Eles não se escondem.","2023-01-18 02:50:16","1997475860.0","2023-01-18","02:50:16"
"151426","Renatão entrando na vibe das lives LIBERTAÇÃO, gostei 🤙✌️

INVICTO EXÉRCITO DE CRISTO
https://t.me/invictoexercitodecristo","2023-01-18 02:30:57","5188408141.0","2023-01-18","02:30:57"
"151441","🇺🇲👁☠🌭 Como é feita a comida americana ⁉️","2023-01-18 04:30:05","5649013075.0","2023-01-18","04:30:05"
"151427","https://www.theepochtimes.com/xi-jinpings-concessions-to-recent-protests-may-signal-coming-regime-collapse_4990223.html?utm_medium=Social&utm_source=telegram&utm_campaign=USChinaWatch","2023-01-18 02:36:30","790018936.0","2023-01-18","02:36:30"
"151428","O POVO É SOBERANO

Não há nenhum tipo de restrição que impeça O POVO de se defender por todos os meios contra injustas agressões praticadas por autoridades públicas que estão em flagrante delito de ataques sistematizados contra O POVO.

O genocídio, o Crime contra a Humanidade e o Crime de Guerra são CRIMES GRAVES sem prerrogativas de foro por função. Artigos 6, 7, 8, 25, 27 e 28 da emenda constitucional de direitos humanos, Estatuto de Roma, Decreto 4.388/2002.

Portanto, O POVO BRASILEIRO não só pode como deve comparecer em massa em todas as delegacias de Polícias Civis e Federais de todo o território nacional e DECRETAR AS PRISÕES DE CIDADÃOS DE TODOS OS MINISTROS DO STF E DEMAIS AUTORIDADES que estejam em flagrante delito de CRIMES GRAVES.

Glaudiston Cabral, autor do DOSSIÊ IMPEACHMENT GERAL
65 99912 7557","2023-01-18 02:38:29","790018936.0","2023-01-18","02:38:29"
"151429","ATO TERRORISTA DE ESTADO COM PATROCÍNIO DA REDE GLOBO E DA IMPRENSA GOLPISTA.

Não houve ato terrorista e nem tentativa de golpe de Estado. Não foi o povo brasileiro quem disse com todas as letras que ""eleição não se ganha, se toma""

O Brasil sofreu um golpe de Estado e ninguém parece estar preocupado em investigar. Estão sim preocupados em punir o povo que foi roubado, enganado e que só estava nas ruas, não para almejar um golpe, mas para que o sistema eleitoral fosse investigado e provasse que não houve fraude

Não houve transparência nas eleições. As provas de fraudes estão por toda parte, as evidências são escancaradas, Lula não consegue sequer apoio político popular, pois não tem eleitores. Não consegue encher um auditório com mais de mil pessoas. Na posse não conseguiu reunir 6 mil eleitores

Onde estão os homens da lei, da PF, do poder judiciário e do ministério Público?  Será  que o povo terá que fazer justiça com as próprias mãos?

O povo paga impostos para ter justiça! Cadê a justiça?","2023-01-18 02:38:40","790018936.0","2023-01-18","02:38:40"
"151431","trudeau proibiu armas e legalizou drogas pesadas... e olha o que acabou de acontecer em vancouver, no Canadá. Um cara que usa metanfetamina com facas enlouquece... se ao menos houvesse alguma ferramenta por aí que alguém poderia ter usado para evitar que o cara da metanfetamina esfaqueasse um bando de gente... um bom aviso para o futuro do Brasil.","2023-01-18 02:41:43","5258721336.0","2023-01-18","02:41:43"
"151434","O uso da eletricidade para tratar doenças físicas remonta, pelo menos, aos antigos gregos, que usavam peixes elétricos vivos para anestesiar o corpo da dor.
Nos séculos 18 e 19 temos mais estudos usando tecnologia de alta frequência para tratar uma infinidade de doenças.","2023-01-18 02:52:19","5258721336.0","2023-01-18","02:52:19"
"151438","Venezuela vive drama com altas taxas de miséria e fome.
Este vídeo são para todos aqueles que estão a favor de Lula e para aqueles que confiam ainda em politicos e não nas nossas Forças Armadas, porque isso chegará para todos.","2023-01-18 03:46:51","790018936.0","2023-01-18","03:46:51"
"151439","MedBeds em vídeo militar, agora MedBeds discutido na Fox News para os normies. Sempre afirmou que existem 3 tipos de MedBeds. Algorand & Iota se conectarão à cura e Medbeds.","2023-01-18 03:49:54","1997475860.0","2023-01-18","03:49:54"
"151442","Este foi o Bolsonarista que invadiu o Congresso Nacional e quebraram tudo! Quando vão colocar Lula, Xandão, Dino na cadeia?","2023-01-18 04:37:40","","2023-01-18","04:37:40"
"151443","Monstro 😡","2023-01-18 04:41:04","","2023-01-18","04:41:04"
"151445","A ministra da Cultura, Margareth Menezes, anunciou o lançamento de um novo edital de R$ 150 milhões para financiar projetos culturais em parceria com o Banco do Brasil. O anúncio foi feito durante a posse da presidente da instituição, Tarciana Medeiros. Que desgraça.","2023-01-18 04:45:08","","2023-01-18","04:45:08"
"151446","Você acha que esse tipo de postagem deveria mandar o deputado pra cadeia ?","2023-01-18 05:00:59","","2023-01-18","05:00:59"
"151449","Isso é meme???  🤔🤔","2023-01-18 05:10:48","","2023-01-18","05:10:48"
"151450","👋👋👋👋","2023-01-18 05:19:56","","2023-01-18","05:19:56"
"151451","Menina esperta  👆😂❤️👏🇧🇷","2023-01-18 05:20:22","","2023-01-18","05:20:22"
"151453","😳😳😳","2023-01-18 08:06:40","","2023-01-18","08:06:40"
"151455","A Democracia do Brasil  🇧🇷","2023-01-18 08:21:18","","2023-01-18","08:21:18"
"151456","Kkkkkkkkk 😂😂😂","2023-01-18 08:21:18","","2023-01-18","08:21:18"
"151457","😂😂😂😂😂😂😂","2023-01-18 08:37:14","","2023-01-18","08:37:14"
"151458","Bem feito... Eu não  confio em quem apóia  ladrão","2023-01-18 08:42:00","","2023-01-18","08:42:00"
"151459","Preparem o bolso 💵💵💵","2023-01-18 08:46:08","234364275.0","2023-01-18","08:46:08"
"151460","👆👆👏👏👏","2023-01-18 09:09:02","","2023-01-18","09:09:02"
"151482","A NARRATIVA DOS VERDADEIROS GOLPISTAS E CRIMINOSOS

🇨🇳🐀🐀🐀📺🗞📻👺🔥

Mensageiros do diabo, portadores do engano e da mentira, farsantes, sabotadores da lei e da ordem... criminosos...

A campanha massiva e difamatória para rotular  brasileiros que exigiam a transparência das eleições e que por direito, contestavam os resultados das eleições, não pode ser medida ou comparada com atos golpistas. Quem
difama sem provas é de fato quem realmente está cometendo um golpe contra o direito de de se contestar o resultado de uma eleição que não se mostrou transparente.

A mídia golpista, terrorista e criminosa usa o que emprega e faz para acusar pessoas inocentes dos crimes e injustiças que comete. Uma ação coletiva com proporções bilionárias, seja por danos morais, físicos e psicológicos, não só deve como é obrigatória por parte das vítimas desta conspiração para punir os verdadeiros criminosos e terroristas.

Chega à ser enojante ver e ouvir difamações sendo usadas contra inocentes, vindas dos verdadeiros golpistas.

🇨🇳📺","2023-01-18 11:23:03","790018936.0","2023-01-18","11:23:03"
"151461","ALGUEM TEM ESSA INFORMAÇÃO ?","2023-01-18 09:09:53","","2023-01-18","09:09:53"
"151462","👆👆👆","2023-01-18 09:11:19","","2023-01-18","09:11:19"
"151463","É o mesmo cara ...
M$T 
travestido de bolsonarista
No dia chegou cedo com a turma 
As 12:25h derrubou o relógio...
E estava usando camiseta 'errada'
Pois todos estavam de verde e amarelo, não de Bolsonaro.","2023-01-18 09:12:10","966999318.0","2023-01-18","09:12:10"
"151464","😂","2023-01-18 09:44:59","1593486246.0","2023-01-18","09:44:59"
"151467","A maioria  do povão  quer 🤡","2023-01-18 10:18:13","","2023-01-18","10:18:13"
"151469","🚨PASSAPORTE DE VACINAÇÃO 🚨


🛑 AGORA A ESQUERDA VAI OBRIGAR!!!🛑 
Será obrigatório até para entrar no supermercado. Covid será obrigatória para as crianças no PNI.


💥NÃO PERCA E ARRISQUE SUA VIDA AO TOMAR ESSE VENENO 💥


🤯 FAÇA AGORA SUA CARTEIRINHA DE VACINA E SE LIVRE DESSE MAL 


• CONSTA NO CONECTESUS ✅

• A DOSE CAI NA HORA ✅

• ACOMPANHA QR CODE ✅

• SERVE EM TODOS PAÍSES E ESTADOS ✅


💰PAGAMENTO APÓS CONFIRMAÇÃO DAS DOSES NO APP 💰


🫵🏻 NÃO PERCA SEU EMPREGO/FACULDADE 

🟢 APROVEITE para fazer o seu PASSAPORTE SANITÁRIO HOJE!!!!

CHAME AGORA NO PRIVADO👇 @livredevacinas","2023-01-18 10:18:55","5850467350.0","2023-01-18","10:18:55"
"151470","https://rwmalonemd.substack.com/p/mrna-vaccines-in-livestock-and-companion","2023-01-18 10:19:38","","2023-01-18","10:19:38"
"151475","IMAGINE EM TEMPO DE FOME 

Canibalismo em algum lugar do México ou latino Americano, podemos ver eles assando na brasa dois corpos humanos para se alimentar.

@ZUMBINOTICIAS","2023-01-18 10:40:04","1480352705.0","2023-01-18","10:40:04"
"151471","Isso é meme??","2023-01-18 10:27:57","","2023-01-18","10:27:57"
"151472","Kkkkkkkkkkkkk 😂😂","2023-01-18 10:33:46","","2023-01-18","10:33:46"
"151473","https://terrabrasilnoticias.com/2023/01/recado-de-lula-as-forcas-armadas-foi-dirigido-ao-comandante-do-exercito/","2023-01-18 10:36:49","","2023-01-18","10:36:49"
"151474","Chega de manifestações. Quantos dias mais são necessários? Todo mundo sabe quem são os criminosos e todos tem provas para fazer algo... Não fazem nada porque não querem!!! Deixemos que o Caos venha. Que o país seja roubado e que o povo vire miserável.","2023-01-18 10:38:28","1559135792.0","2023-01-18","10:38:28"
"151477","Seria bom no final do dia, quando descansar a cabeça na almofada, fazer uma pequena reflexão de como foi o nosso dia, no que falhamos, ou podemos mudar para nos tornar seres humanos melhores.
Gratidão De ter a chance de levar alegria, amor e dizer que a vida é maravilhosa!

🙏","2023-01-18 10:44:29","","2023-01-18","10:44:29"
"151479","O brasileiro, perdeu uma grande chance de ser um país forte na economia, vamos perder uns 40 anos agora em apenas 4!","2023-01-18 11:16:07","1474293925.0","2023-01-18","11:16:07"
"151481","Eita puta véia pra mentir 🤥","2023-01-18 11:22:34","1474293925.0","2023-01-18","11:22:34"
"151483","O que aciona o Exército ou qualquer outra força é o CRIME ou FATO DELITUOSO que só pode ser sanado pela força, não é povo na rua que aciona qualquer coisa, ajuda a levantar o moral das tropas, mas o Exército não correspondeu ao clamor do povo e esse povo foi preso, o Exército está devendo na verdade!","2023-01-18 11:29:12","958049323.0","2023-01-18","11:29:12"
"151484","Canalhas","2023-01-18 11:34:19","1546676203.0","2023-01-18","11:34:19"
"151485","Bolsonaro foi sim eleito, o luladrãoooo não tem nunca 30 milhões de votos, imagino 60 milhões!","2023-01-18 11:39:19","1474293925.0","2023-01-18","11:39:19"
"151487","Me arrepiei de ouvir o Clodovil dizendo o que disse.

Eu não posso entrar para política porque eu morreria por uma causa.

E morreu.


Clodovil
recordtv.r7.com
https://recordtv.r7.com › fotos › a-p...
""A polícia não foi investigar"", diz confidente de Clodovil sobre a morte ...


A polícia não foi investigar', diz confidente de Clodovil sobre a morte do estilista
Renata suspeita que ele pode ter sido assassinado por alguém que esteve na casa e dá detalhes daquela noite ao Cidade Alerta","2023-01-18 12:01:57","1593486246.0","2023-01-18","12:01:57"
"151488","👍","2023-01-18 12:03:22","5057077670.0","2023-01-18","12:03:22"
"151574","Me chame no privado 👇
@livredevacinas","2023-01-18 18:40:11","5850467350.0","2023-01-18","18:40:11"
"151564","ADIOS, CCP!!!
https://rumble.com/v265dyu-adiosxi.html","2023-01-18 18:10:28","1997475860.0","2023-01-18","18:10:28"
"151565","É perigoso estar certo quando o sistema é o errado...

Canal: @weareouttacontrol
Grupo: @dlr_alu","2023-01-18 18:19:19","5777571708.0","2023-01-18","18:19:19"
"151566","🚨PASSAPORTE DE VACINAÇÃO 🚨


🛑 AGORA A ESQUERDA VAI OBRIGAR!!!🛑 
Será obrigatório até para entrar no supermercado. Covid será obrigatória para as crianças no PNI.


💥NÃO PERCA E ARRISQUE SUA VIDA AO TOMAR ESSE VENENO 💥


🤯 FAÇA AGORA SUA CARTEIRINHA DE VACINA E SE LIVRE DESSE MAL 


• CONSTA NO CONECTESUS ✅

• A DOSE CAI NA HORA ✅

• ACOMPANHA QR CODE ✅

• SERVE EM TODOS PAÍSES E ESTADOS ✅


💰PAGAMENTO APÓS CONFIRMAÇÃO DAS DOSES NO APP 💰


🫵🏻 NÃO PERCA SEU EMPREGO/FACULDADE 

🟢 APROVEITE para fazer o seu PASSAPORTE SANITÁRIO HOJE!!!!

CHAME AGORA NO PRIVADO👇 @livredevacinas","2023-01-18 18:24:21","5850467350.0","2023-01-18","18:24:21"
"151567","Da esquerda para a direita: Marine LePen (prima dos filhos de Kennedy/futura presidente da França), Arabella Kennedy (Marie Caroline LePen), Fatima Kennedy (Yann LePen), Jean LePen (pai que os criou).✨🕊","2023-01-18 18:31:15","1997475860.0","2023-01-18","18:31:15"
"151569","#EXTRA_URGENTE 🚨🚨🚨

ESPECIALISTAS INDICAM QUE PODEMOS ESTAR PRESTES À ENFRENTAR UM GRANDE APAGÃO ENERGÉTICO. TORRES JÁ FORAM DERRUBADAS EM ALGUNS ESTADOS DO PAÍS. A ÚLTIMA TORRE DERRUBADA ATÉ O PRESENTE MOMENTO FOI A DE RONDÔNIA SOMANDO UM TOTAL DE 12 TORRES SEM OPERACÃO. 🔥☝️😳💥

Conselho: COMPRE VELAS 🔥

@ZUMBINOTICIAS","2023-01-18 18:34:49","1480352705.0","2023-01-18","18:34:49"
"151570","TAI A PROVA PESSOAL 🚨🚨🚨
AS TORRES TÃO SENDO DERRUBADAS DE PROPOSITO TUDO PRA CAUSAR O GRANDE APAGÃO. PODE TER CERTEZA QUE NO MEIO DESSE APAGÃO VAI SER ATIVADO OS ZUMBIS 

@ZUMBINOTICIAS","2023-01-18 18:34:49","1480352705.0","2023-01-18","18:34:49"
"151571","#EXTRA_URGENTE 🚨🚨🚨

INCÊNDIO EM GALPÃO NO AEROPORTO DO GALEÃO RJ

@ZUMBINOTICIAS","2023-01-18 18:35:17","1480352705.0","2023-01-18","18:35:17"
"151572","🔥🇧🇷👁⏰ #BREAKING - Incêndio atinge Aeroporto do Galeão, no Rio de Janeiro.

O fogo atingiu o galpão de carga e alguns pedidos podem atrasar. 

Pessoas no local suspeitam de incêndio criminoso e incêndio premeditado.

@ZUMBINOTICIAS","2023-01-18 18:35:17","1480352705.0","2023-01-18","18:35:17"
"151573","Como funciona isso ?","2023-01-18 18:39:31","5188408141.0","2023-01-18","18:39:31"
"151575","Enquanto isso, em Gotham City [Brasília!?].. 😈😈😈","2023-01-18 18:44:08","5188408141.0","2023-01-18","18:44:08"
"151576","#EXTRA_URGENTE 🚨🚨🚨

SOBE PARA 16 O NÚMERO DE TORRES DE ENERGIAS AFETADAS POR POSSÍVEIS CRIMINOSOS. NÃO SE SABE DE CERTO QUEM ESTÁ PROVOCANDO TODA ESSA DESGRAÇA, MAS DE UMA COISA TEMOS CERTEZA. O APAGÃO É IMINENTE 😳🔥🚨

@ZUMBINOTICIAS","2023-01-18 18:48:06","1480352705.0","2023-01-18","18:48:06"
"151577","Somos todos ESCRAVOS MODERNOS! 
Ou pagamos impostos ou somos presos!","2023-01-18 19:06:43","1474293925.0","2023-01-18","19:06:43"
"151578","C.L.A.U.D.I.A
@DaAcervo
Querem penalizar quem se negar a tomar vacina.
Aqui o link para quem desejar votar contra esse projeto 👇🏻

https://www12.senado.leg.br/ecidadania/visualizacaomateria?id=146046","2023-01-18 19:07:25","790018936.0","2023-01-18","19:07:25"
"151579","Bibbiano foi e continua sendo apenas a ponta do iceberg. Há uma área escura no lobby gay onde os servidores da mídia deste poderoso círculo não querem entrar. É a área onde as crianças são confiadas a casais homossexuais que depois abusam delas. E isso não aconteceu apenas em Bibbiano. Acontece em todo o mundo e a mídia ergueu uma cortina de silêncio sobre esse escândalo.
https://townhall.com/tipsheet/miacathell/2023/01/17/zulock-case-pt-1-n2618219","2023-01-18 19:08:39","1997475860.0","2023-01-18","19:08:39"
"151580","É isso que precisamos! Parabéns Gayer!","2023-01-18 19:11:07","1480352705.0","2023-01-18","19:11:07"
"151581","Imaginem, apenas imaginem, se fosse o ministro Paulo Guedes falando em boicotar empresas com viés de esquerda?

Um ministro da Fazenda que incentiva o boicote da economia do seu próprio país? Temos! Irresponsável e despreparado! 👎

É o famos eles contra nós! 
O ódio do bem né? 
Lixo de esquerda! 

A fraude nas urnas eletrônicas é mais que nítido!","2023-01-18 19:11:10","1474293925.0","2023-01-18","19:11:10"
"151582","O Calendário de 13 Meses de 28 Dias

Canal Telegram Buscador de Verdade

👆Trump, Q, e JB disseram que tudo estaria resolvido antes que 2022 terminasse. 
Isto é, o Plano Q da Aliança da Terra, terminaria no final de 2022.

Então, falta considerar, qual calendário eles usaram para este Plano.

Dizem que existe um calendário de 13 meses de 28 dias e que ele é o verdadeiro calendário, porque nos mantém dentro de nossos ciclos naturais.

Abril seria o primeiro mês. Então,1º de abril seria o 1º dia de 2023 (Ano Novo).
E Março seria o 13º mês. Logo, 31 de março seria o fim de 2022.

Veja o Calendário de 13 Meses:
1  Apr
2  May
3  June
4  Sol
5  July
6  August
7  Sept  7 in latin
8  Oct   8 in latin
9  Nov   9 in latin
10 Dec   10 in latin
11 Jan
12 Feb
13 March

Se como foi dito, o Plano termina no final de 2022, então, neste calendário, terminaria até 31 de março.

Logo, ainda estamos em janeiro de 2022.
O mês de março, segundo a Aliança, será um mês incrível, inesquecível. Uma série de eventos que vai atingir o nosso mental e emocional.

O importante é o Plano, e vamos confiar nele, independente de datas.


Veja Vídeo Calendário 13 meses, no nosso Canal Telegram Buscador de Verdade","2023-01-18 19:13:14","1997475860.0","2023-01-18","19:13:14"
"151583","Alguém aí tem o documentário da Brasil paralelo, da 

"" Invasão Bolchevique ""  

alguém tem?????","2023-01-18 19:15:59","5450714785.0","2023-01-18","19:15:59"
"151584","DAVOS, jornalismo sem aspas da Rebel News abordaram Albert Bourla, o criminoso genocida e CEO da Pfizer, na rua em Davos hoje. Eles perguntaram sobre ele ter mentido sobre a eficácia da ""vacina"", sobre ter enriquecido às custas de um produto vendido como 100% eficaz, e sobre as mortes por miocardites provocadas pelas ""vacinas"" Pfizer mRNA. Tudo o que ele fez foi ficar em silêncio.","2023-01-18 19:21:19","790018936.0","2023-01-18","19:21:19"
"151585","URGENTE!! O MPF acata denúncia protocolada por uma deputada do PSOL contra o Comandante do Exército, General Arruda, por prevaricação em 8 de janeiro. Assim como Anderson Torres, Arruda pode ser preso a qualquer momento.","2023-01-18 19:30:10","790018936.0","2023-01-18","19:30:10"
"151587","🇧🇷🤔🇧🇷🤔🇧🇷👿@GeFazioBreakingNews🇧🇷","2023-01-18 19:32:56","768400432.0","2023-01-18","19:32:56"
"151590","🇧🇷🤔🇧🇷😂😂😂😂😂
FAZ UM L ❗️
@GeFazioBreakingNews🇧🇷","2023-01-18 19:54:15","1480352705.0","2023-01-18","19:54:15"
"151591","https://youtu.be/x6be8XmgkbU","2023-01-18 20:08:19","5777571708.0","2023-01-18","20:08:19"
"151599","Deja vu, que fala?🤦🏻‍♂","2023-01-18 20:55:30","790018936.0","2023-01-18","20:55:30"
"151592","🚨 ALERTA PARA CENAS FORTES 🚨

""Segundo o Superintendente do HRI, Marcelo Barberino, o garoto de 8 anos, Enzo Gabriel, deu entrada na unidade em parada cardíaca, foi reanimado pelos médicos, mas não resistiu. Segundo depoimentos de vizinhos, o garoto tomou a última dose de vax há aproximadamente 4 meses.""","2023-01-18 20:09:56","5777571708.0","2023-01-18","20:09:56"
"151593","https://tribunanacional.com.br/noticia/4837/wef-declara-que-os-humanos-sao-uma-praga-e-ia-e-a-cura#.Y8anjMKeQp0.telegram
WEF declara que 'os humanos são uma praga' e 'IA é a cura'

Yuval Noah Harari, principal consultor de Klaus Schwab no Fórum Econômico Mundial, anunciou que os seres humanos não são melhores do que “vírus ou bananas” e o WEF agora chegou ao ponto em que eles podem “hackear a humanidade”.","2023-01-18 20:12:46","893562412.0","2023-01-18","20:12:46"
"151594","😂😂😂","2023-01-18 20:13:21","1560008673.0","2023-01-18","20:13:21"
"151596","Penso muita coisa como ele","2023-01-18 20:22:34","1560008673.0","2023-01-18","20:22:34"
"151597","Assista a ""FOMOS TRAÍDOS"" no YouTube
https://youtu.be/txFCDZI-I6k","2023-01-18 20:32:20","1018808879.0","2023-01-18","20:32:20"
"151601","Brasil já era faz muito tempo.  O Brasil vai demorar séculos para se tornar um  país decente . Atrás de bandidos de verdade eles não vão né.","2023-01-18 21:24:06","5188408141.0","2023-01-18","21:24:06"
"151602","Eu não duvido muito não. Se o Lula resolver ou melhor a NOM  da um bônus extra (um super bônus $) para as forças armadas .eles vão fazer tudo que o Lula mandar .","2023-01-18 21:27:00","5188408141.0","2023-01-18","21:27:00"
"151603","URGENTE: MONARK GRAVA VÍDEO EMOCIONANTE, DESABAFA E CLAMA POR UM EMPREGO (VEJA O VÍDEO)
https://www.jornaldacidadeonline.com.br/noticias/45469/urgente-monark-grava-video-emocionante-desabafa-e-clama-por-um-emprego-veja-o-video
São tempos tenebrosos no Brasil...","2023-01-18 21:27:35","1517387582.0","2023-01-18","21:27:35"
"151604","NA CARA DE LULA, MINISTRO DA DEFESA AFIRMA QUE MANIFESTANTES ACAMPADOS NO DF NÃO TÊM CULPA DE VANDALISMO 
https://www.jornaldacidadeonline.com.br/noticias/45470/na-cara-de-lula-ministro-da-defesa-afirma-que-manifestantes-nao-tem-culpa-de-vandalismo 
Ex-presidiário cada vez mais desmoralizado...","2023-01-18 21:27:49","1517387582.0","2023-01-18","21:27:49"
"151605","Prepare-se o pior esta por vir infelizmente 

Prepare-se enquanto a grande tribulação ainda não começou 

O tempo de se preparar ACABOU ACABOU mesmo

Em 2023 vai começar a tribulação e em 2026 a grande tribulação

https://t.me/+2lydx9lIlIVjNjgx","2023-01-18 21:29:15","1480352705.0","2023-01-18","21:29:15"
"151606","Foto de Rômulo Monteiro","2023-01-18 21:34:53","768400432.0","2023-01-18","21:34:53"
"151607","Gamma Ray -  Dethrone Thyranny (Videoclip  Legendado)

Illuminati...
Vocês vieram para tomar o controle...
Vocês podem levar as batidas do meu coração...
Mas vocês  não podem destruir a minha alma...
Todos nós iremos nos libertar...

/

A Elite, o Governo e a Mídia escondem segredos que podem colapsar a tua mente. Quer saber quais segredos são esses?

Junte-se ao grupo do livro: 
Prática da Conspiração ⬇️

https://t.me/tgpraticadaconspiracao

Grupo Parceiro ⬇️

🚫∆NTI-SISTEM∆ 2.0🚫

https://t.me/+YqbjaprYGrRkZjRh","2023-01-18 21:37:04","1814515483.0","2023-01-18","21:37:04"
"151608","Mente que nem sente... 🤡","2023-01-18 21:38:09","768400432.0","2023-01-18","21:38:09"
"151609","A vitória é nossa

Canal: @weareouttacontrol
Grupo: @dlr_alu","2023-01-18 21:40:49","1814515483.0","2023-01-18","21:40:49"
"151610","Eles até anunciam chemtrails em ambulâncias...","2023-01-18 22:14:48","5258721336.0","2023-01-18","22:14:48"
"151611","https://insiderpaper.com/us-arrests-russian-crypto-boss-over-alleged-money-laundering/","2023-01-18 22:22:35","1997475860.0","2023-01-18","22:22:35"
"151612","https://valor.globo.com/financas/noticia/2023/01/18/fed-jerome-powell-testa-positivo-para-covid-19-mas-sintomas-so-leves.ghtml","2023-01-18 22:22:35","1997475860.0","2023-01-18","22:22:35"
"151613","Últimas notícias! 

50% dos convidados do Fórum Econômico Mundial não compareceram por medo de serem presos ou já presos!

Fonte: Simon Parkes","2023-01-18 22:22:36","1997475860.0","2023-01-18","22:22:36"
"151614","https://crcnews.com.br/corporativo/bastidor-ai-onda-de-demissao-na-xp-pode-se-estender-ate-o-meio-do-ano/18/01/2023/","2023-01-18 22:22:36","1997475860.0","2023-01-18","22:22:36"
"151615","https://www.metropoles.com/negocios/goldman-sachs-comeca-demissoes-em-massa-por-banco-de-investimento?amp","2023-01-18 22:22:37","1997475860.0","2023-01-18","22:22:37"
"151616","Klaus Schwab diz que o mundo não será mais governado por superpotências como a América… será dirigido pelas partes interessadas do Fórum Econômico Mundial, como Blackrock e Bill Gates.","2023-01-18 22:24:54","5258721336.0","2023-01-18","22:24:54"
"151617","🌩

By Pepe

Nuremberg 2 hospedado no Fórum Econômico Mundial.
Quem diz não?","2023-01-18 22:33:49","1997475860.0","2023-01-18","22:33:49"
"151620","Pedala Robinho e mete o pé do Brasil","2023-01-18 22:34:13","5777571708.0","2023-01-18","22:34:13"
"151622","Isso é um maldito desgraçado!","2023-01-18 22:45:01","1474293925.0","2023-01-18","22:45:01"
"151626","🇧🇷🤔🇧🇷🤔
Olha o recado dos caras para o Lule
FAZ L QUE VAI COMEÇAR O SHOW 


@GeFazioBreakingNews🇧🇷","2023-01-18 22:57:45","790018936.0","2023-01-18","22:57:45"
"151490","🤔","2023-01-18 12:29:46","5057077670.0","2023-01-18","12:29:46"
"151491","https://verdadecensurada.com.br/noticia/1572/10--teorias-da-conspiracao--que-serao-validadas-em-2023#.Y8adK7In1Tc.telegram
10 “teorias da conspiração” que serão validadas em 2023

Acesse o CANAL.

Participe do GRUPO

Siga:  TWITTER & GETTR","2023-01-18 12:40:40","2066195004.0","2023-01-18","12:40:40"
"151492","Pandemia da ""gripe espanhola""!? Ou... @aslantwitter","2023-01-18 12:48:58","790018936.0","2023-01-18","12:48:58"
"151493","👆 *Este foi o Bolsonarista que invadiu o Congresso Nacional e quebrou tudo! Nunca na história do Brasil a Policia Federal foi tão omissa ou completamente aparelhada achando que o Povo não sabe o que está acontecendo!!!* 🤔🤔🤔🤔😉

@GeFazioBreakingNews🇧🇷","2023-01-18 12:50:13","1018808879.0","2023-01-18","12:50:13"
"151495","O amor venceu….","2023-01-18 13:05:49","","2023-01-18","13:05:49"
"151496","Não façam nada não!? Já já as FAs serão extintas… premiação da covardia","2023-01-18 13:06:37","336732801.0","2023-01-18","13:06:37"
"151497","O amor venceu….","2023-01-18 13:09:39","1474293925.0","2023-01-18","13:09:39"
"151499","Ministra do Meio Ambiente em entrevista em Davos, Fórum Econômico Mundial.
""no meu país tem 120 milhões de pessoas  passando fome""  
UMA SOCIEDADE SÓ TERÁ CHANCE , QUANDO OS HOMENS DE BEM FOREM TÃO AUDACIOSOS QUANTO OS CORRUPTOS.","2023-01-18 13:10:50","1018808879.0","2023-01-18","13:10:50"
"151500","forças armada vai acabar ! vai fundior , com exercito do continente ! vao comer o pao q o diabo amaçou ! e passar fome !","2023-01-18 13:11:17","5057077670.0","2023-01-18","13:11:17"
"151501","https://verdadecensurada.com.br/noticia/1580/o-mundo-esta-a-apenas-alguns-anos-de-um-apocalipse-quantico#.Y8fv2HjCMk0.telegram
O mundo está 'a apenas alguns anos' de um apocalipse quântico

Acesse o CANAL.

Participe do GRUPO

Siga:  TWITTER & GETTR","2023-01-18 13:11:45","5282189021.0","2023-01-18","13:11:45"
"151502","e vao libar presos para o novo exercito","2023-01-18 13:11:53","5057077670.0","2023-01-18","13:11:53"
"151503","Vídeo de Ed G Silva, A Inda Sobrev","2023-01-18 13:22:46","1018808879.0","2023-01-18","13:22:46"
"151504","Vídeo de Ed G Silva, A Inda Sobrev","2023-01-18 13:26:12","1018808879.0","2023-01-18","13:26:12"
"151505","Bom dia!!!
A paz do Altíssimo 🙏☺️","2023-01-18 13:32:27","5719385737.0","2023-01-18","13:32:27"
"151506","Vídeo de Ed G Silva, A Inda Sobrev","2023-01-18 13:33:01","1018808879.0","2023-01-18","13:33:01"
"151507","https://verdadecensurada.com.br/noticia/1584/injecoes-letais-crianca-de-2-anos-morre-um-dia-apos-ser-injetada-com-vacinas-contra-covid-e-gripe#.Y8f1UD7n6JU.telegram
Injeções letais: criança de 2 anos MORRE um dia após ser injetada com vacinas contra COVID e gripe

Acesse o CANAL.

Participe do GRUPO

Siga:  TWITTER & GETTR","2023-01-18 13:35:00","5282189021.0","2023-01-18","13:35:00"
"151508","Vídeo de Ed G Silva, A Inda Sobrev","2023-01-18 13:37:15","1018808879.0","2023-01-18","13:37:15"
"151509","Os coitadinhos da mídia globalista esquerdista FakeNews","2023-01-18 13:40:33","1018808879.0","2023-01-18","13:40:33"
"151510","🦄🫃🤡🫵💩","2023-01-18 13:48:21","5057077670.0","2023-01-18","13:48:21"
"151512","Ela tomou 4 doses, a última há 5 meses.
Infelizmente, na Bahia, é exigido o cartão de vacina p/ você entrar em qualquer repartição pública. Os servidores não vacinados são demitidos. Mas, o Governador anterior não vacinou seus filhos.","2023-01-18 13:50:32","","2023-01-18","13:50:32"
"151513","https://tribunanacional.com.br/noticia/4842/klaus-schwab--eu-sou-o-papa-da-nova-ordem-mundial#.Y8f9-TBztFY.telegram
Klaus Schwab: 'Eu sou o Papa da Nova Ordem Mundial'

Klaus Schwab declarou que é o Papa da Nova Ordem Mundial e prometeu permanecer como chefe da organização globalista até o dia de sua morte.","2023-01-18 14:12:41","893562412.0","2023-01-18","14:12:41"
"151514","😳","2023-01-18 14:14:51","1593486246.0","2023-01-18","14:14:51"
"151515","Conversa de Professora com a turminha.
Vamos falar da profissão do pai de vocês.

Pedro Qual a Profissão De Seu Pai ?

Pedro respondeu:
- Advogado, mas é honesto.

E o Seu Ana ?
- O meu é Médico.

E o Seu Joãozinho ?

- O meu pai Dança Numa Boate Gay !

 Como Assim ?

Joãozinho completa:
Professora, Ele dança na boate vestido de mulher com uma calcinha fio dental, e depois os Homens saem com Ele pra fazer programa.

 A Professora Rapidamente Dispensa Toda a Classe Menos Joãozinho.

Estão a Professora pergunta: Menino Seu Pai Realmente Faz
Isso ?

Joãozinho responde:
- Não Professora, Agora que a Sala Tá Vazia, vou falar a verdade: 

ELE É ""GENERAL DO EXÉRCITO"", MAS SINTO MUITA VERGONHA DE FALAR ISSO NA FRENTE DOS OUTROS....","2023-01-18 14:30:23","1658359253.0","2023-01-18","14:30:23"
"151516","EM 2019 O MUNDO TINHA 8 BILHÕES DE PESSOAS. EM 2022 O NUMERO CAIU PRA 7 BILHÕES. PRATICAMENTE 1 BILHÃO JÁ MORRERAM DEPOIS QUE INICIOU A IMUNIZAÇÃO. AÍ A PESSOA AGORA VEM QUERER DEFENDER ESSA MERDA DE IMUNIZANTE QUE TÁ ASSASSINANDO CRIANÇAS INOCENTES. SE DEFENDER ESSE LIXO DE IMUNIZANTE. VAI SER BANIDO. EXCLUIDO. EXPULSO. EXCOMUNGADO 🔥😡👎

@ZUMBINOTICIAS","2023-01-18 14:33:31","1480352705.0","2023-01-18","14:33:31"
"151517","🇧🇷🚨Que tristeza isso, gente!
Que desgoverno!","2023-01-18 14:35:36","529224637.0","2023-01-18","14:35:36"
"151518","🇧🇷🇺🇳Juntinhos, melhores amigos.

Marina Silva, Ministra do Meio Ambiente do Brasil, e Alexander Soros, filho de George Soros e vice-presidente da Open Society. Em Davos.

Mas é só ""teoria da conspiração"".

Os dois debateram o futuro da Amazônia.","2023-01-18 14:37:19","529224637.0","2023-01-18","14:37:19"
"151519","Quero ver quem agora vai ter coragem de manifestar em qualquer lugar que seja . Sem proteção do exército.sem garantia nenhuma .para depôs ir preso .ser considerado terrorista  e pegar 15 anos de prisão .rs","2023-01-18 14:55:56","5188408141.0","2023-01-18","14:55:56"
"151520","https://tribunanacional.com.br/noticia/4843/madonna-e-acusada-de-trafico-e-exploracao-sexual-de-criancas#.Y8gCTYq7ip4.telegram
Madonna é acusada de tráfico e exploração sexual de crianças

Madonna foi acusada de tráfico de crianças e exploração sexual de crianças da África por uma organização de caridade conhecida como Federação Mundial Etíope (EWF)","2023-01-18 14:57:29","893562412.0","2023-01-18","14:57:29"
"151521","https://www.martinvrijland.nl/pt/an%C3%A1lises-de-not%C3%ADcias/klaus-schwab-over-het-leven-in-de-metaverse/","2023-01-18 15:13:13","1455738451.0","2023-01-18","15:13:13"
"151522","This new book explains it all! https://www.thesimulationdome.nl/","2023-01-18 15:15:30","1455738451.0","2023-01-18","15:15:30"
"151523","Ninguém  mais...","2023-01-18 15:16:29","","2023-01-18","15:16:29"
"151524","As perspectivas para o Brasil vão de sombrias a catastróficas. O clima entre meus contatos brasileiros passou de sombrio em 1º de janeiro agora para desespero – com razão.
Desde a última vez que escrevi, o criminoso condenado Lula – jornalistas no Brasil podem ser multados ou presos por escrever este fato – de fato “subiu a rampa” e sua fraudulenta vitória presidencial foi oficializada no Diário Oficial .
Uma operação de bandeira falsa, estranhamente semelhante à de 6 de janeiro de 2021, atraiu com sucesso milhares de patriotas brasileiros a invadir os assentos (quase) vazios do governo em Brasília, e mais de 1.200 brasileiros, com idades entre 5 e 80 anos, foram confinados desde então. como “terroristas” em cercados ao ar livre.
Conforme relatado aqui por Matthew Tyrmand em Tucker Carlson Tonight , um senador brasileiro divulgou documentos mostrando que o novo ministro da Justiça sabia da operação iminente e não fez nada.

Em outro paralelo com o dia 6 de janeiro, as únicas pessoas que morreram foram patriotas, incluindo a avó de 80 anos que, desejando voltar para casa, foi aliciada por um militar a entrar em um determinado ônibus, o que a levou ao cativeiro e morte por ataque cardíaco. prender prisão. As mortes de três outros patriotas foram relatadas, mas são difíceis de confirmar.
Aqui está o relato de primeira mão mais convincente que já vi, em uma carta aberta escrita por um patriota brasileiro do presídio – na qual ele relata um caso semelhante de patriotas sendo conduzidos do acampamento dos manifestantes em Brasília para armadilhas de ônibus:
Grito de socorro do campo de concentração brasileiro: “Apenas atire em nós e nos tire de nossa miséria!”
Entre outras evidências abundantes da operação de bandeira falsa, um vídeo mostra um homem armado e não uniformizado vandalizando propriedade pública dentro de um prédio governamental enquanto dá ordens à polícia complacente - antes da entrada de qualquer patriota. (Eu vi o vídeo na página do Instagram de Allan dos Santos, já removido; a Big Tech criminosa, incluindo o Twitter, cancelou este bravo jornalista brasileiro atualmente exilado na Flórida, enquanto os capangas brasileiros no poder estão buscando sua prisão via Interpol – pelo crime de praticar a liberdade de expressão.)
(Seguindo o mesmo manual comunista que se seguiu a 6 de janeiro, a mídia brasileira e o regime de Lula estão acusando Bolsonaro de incitar a invasão do Capitólio. Os companheiros de viagem da mídia americana estão reclamando sobre a extradição de Bolsonaro da Flórida para enfrentar um processo no Brasil, e a operação de bandeira falsa é sendo usado para expurgar as forças de segurança em Brasília.)

Continua... Para ler o restante clique no link a seguir... 

https://miamiindependent.com/dont-despair-brazil-yet/","2023-01-18 15:17:06","","2023-01-18","15:17:06"
"151526","This new book explains it all! You can read it in English, Spanish, Portuguese, German, French and Dutch https://www.thesimulationdome.nl/","2023-01-18 15:21:11","1455738451.0","2023-01-18","15:21:11"
"151528","https://twitter.com/FrederKamen/status/1615530685288120320?t=LGiiGWoBbcNyC2-fJ8DOKg&s=35","2023-01-18 15:22:46","","2023-01-18","15:22:46"
"151623","🇧🇷🤔🇧🇷🤔@GeFazioBreakingNews🇧🇷","2023-01-18 22:48:18","790018936.0","2023-01-18","22:48:18"
"151624","alguma ""semelhança""  ??? Rubens, prepare-se verdade oculta 2016.

Siga-me compartilhe
Telegram:clic👉@VRvanderreis
YouTube: clic👉vander reis
grupo despertos 👉aqui
Rumble clic👉aqui
Tik Tok clic👉aqui","2023-01-18 22:48:19","1551909842.0","2023-01-18","22:48:19"
"151625","🤔🇧🇷🤔

Nós confiamos nas FORÇAS ARMADAS, não desista delas e do Brasil, rumo às PORTAS DE QUARTÉIS

@GeFazioBreakingNews🇧🇷","2023-01-18 22:57:35","790018936.0","2023-01-18","22:57:35"
"151629","VK APL - 9.521/10","2023-01-18 23:04:52","1997475860.0","2023-01-18","23:04:52"
"151630","Vai emagrecer com a PICANHA em gotas.","2023-01-18 23:08:47","5777571708.0","2023-01-18","23:08:47"
"151631","Dinossauro interferiu democraticamente? 🍔","2023-01-18 23:09:24","1517387582.0","2023-01-18","23:09:24"
"151633","Donald Trump
Se preparando para voltar ao TWITTER
O FACEBOOK
e o PARTIDO DEMOCRÁTICO
EM PÂNICO PÂNICO PÂNICO PÂNICO
/////

>TRUMP É ALTAMENTE ESPERADO PARA
DROP [DECLAS] INTEL links e vazamentos para mais de 3,1 BILHÕES de pessoas em todo o mundo....////
__
🔥

Como eu disse ano passado tudo isso ia acontecer.....

De dentro FONTES, 2024
Rogan SERÁ O ANFITRIÃO DE TRUMP
(O distanciamento de Rogan para Trump nos últimos 2 anos é tudo uma armação ///// assim como o distanciamento de TRUMP e MUSK em 2017 ........... Eu tenho dito a você por isso long MUSK estava chegando e trazendo o 🔥 the ALLIANCE U.S. militar financia MUSK EM BILHÕES e o ajuda a assumir o TWITTER........
)

/
eu

[Microsoft]
[ O GOOGLE]
[Amazon] [Amazon] servidores

__
OPERAÇÕES MILITAR jogando todo o tabuleiro ♟️ XADREZ ♟️","2023-01-18 23:29:30","1997475860.0","2023-01-18","23:29:30"
"151406","AFIRMAÇÃO EXTREMISTA E IRRESPONSÁVEL DE HADDAD PODE GERAR DESEMPREGO EM MASSA E TRAZER O 'CAOS' PARA A ECONOMIA (VEJA O VÍDEO) 
https://www.jornaldacidadeonline.com.br/noticias/45456/afirmacao-extremista-e-irresponsavel-de-haddad-pode-gerar-desemprego-em-massa-e-trazer-o-e39caose39-para-a-economia-veja-o-video 
Pura imbecilidade!","2023-01-18 00:01:44","1517387582.0","2023-01-18","00:01:44"
"151634","VAZIO....
 ESTÃO TODOS COM PROSTITUTAS EM UMA FESTA OU NINGUÉM FOI PARA A SUÍÇA WEF DAVOS....

 Aqui está algo que você não vê nas transmissões ao vivo do WEF.  Quando os líderes mundiais estão falando (PM Sanchez da Espanha aqui), o público é... nenhum.

Esta é a importância de DAVOS: um cenário.

 #SGTnewsNetwork #FUCKtheJAB #StopTheNWO

 @EXPOSEthePEDOSendOfTheCABAL","2023-01-18 23:32:08","1997475860.0","2023-01-18","23:32:08"
"151635","Versão lacradora de Scooby-Doo. 😳🤢🤮

/

A Elite, o Governo e a Mídia escondem segredos que podem colapsar a tua mente. Quer saber quais segredos são esses?

Junte-se a Nós!!

Prática da Conspiração 
https://t.me/tgpraticadaconspiracao

🚫∆NTI-SISTEM∆ 2.0🚫

https://t.me/+YqbjaprYGrRkZjRh","2023-01-18 23:45:17","1814515483.0","2023-01-18","23:45:17"
"151529","⚡CHAT ABERTO⚡
AOS MEMBROS DO GRUPO HUMANOS!! PODEM E DEVEM INTERAGIR E TROCAR IDEIAS ... É DE EXTREMA IMPORTÂNCIA, NÃO APENAS APROFUNDAR OS ASSUNTOS RELACIONADOS COM AS AGENDAS, MAS SOBRETUDO, MANTER O CONTACTO E DIÁLOGO ENTRE IRMÃOS E HUMANOS, COM O ADN ORIGINAL E LEGÍTIMO DO CRIADOR🙏🙏🙏 
⚡🤝USEM E ABUSEM🤝⚡
https://t.me/HUMANOSATEAOFIM","2023-01-18 15:47:18","1439916645.0","2023-01-18","15:47:18"
"151548","De Rafapal

🇪🇦🇪🇦

O comentador australiano Alan Jones desfaz, da forma mais concisa, o mito de que o controlo do CO2 de origem humana pode travar uma hipotética alteração climática. Anote estes números simples:
-CO2 representa 0,04% dos gases da atmosfera.
-Os seres humanos são responsáveis por 3% do CO2 total, que é, lembre-se, 0,04% da atmosfera.
-Resumindo, o ser humano é responsável por 0,001% dos gases que compõem a atmosfera, e estão nos dizendo que estamos alterando o clima com esses insignificantes 0,001%!","2023-01-18 16:55:37","1997475860.0","2023-01-18","16:55:37"
"151530","FAZ L 
@GeFazioBreakingNews 🇺🇸🇧🇷","2023-01-18 15:51:41","5188408141.0","2023-01-18","15:51:41"
"151531","QUANDO ESSA PORRA COMEÇAR FORÇAR A BARRA. EU VOU SAIR FORA PRA LONGE E QUE SE DANE O SISTEMA 🤮

@ZUMBINOTICIAS","2023-01-18 15:56:59","1480352705.0","2023-01-18","15:56:59"
"151532","aviao q caiu no nepao , foi erro do piloto , stol de assa","2023-01-18 15:58:18","5057077670.0","2023-01-18","15:58:18"
"151536","Da escuridão para a luz.Game over.","2023-01-18 16:07:44","1560008673.0","2023-01-18","16:07:44"
"151537","🍉🍉🍉🍉🍉🍉🍉🍉🍉🤮
@GeFazioBreakingNews 🇺🇸🇧🇷","2023-01-18 16:11:26","5188408141.0","2023-01-18","16:11:26"
"151538","🐍👹💩","2023-01-18 16:12:03","5057077670.0","2023-01-18","16:12:03"
"151539","tudo maçon traidor , cachorrinho da nova ordem mundial","2023-01-18 16:12:29","5057077670.0","2023-01-18","16:12:29"
"151541","🇧🇷👿🇧🇷🤔🇺🇸🤔🇺🇸@GeFazioBreakingNews🇧🇷","2023-01-18 16:20:23","1480352705.0","2023-01-18","16:20:23"
"151542","😤😤😤😤😤😤😤
@GeFazioBreakingNews 🇺🇸","2023-01-18 16:20:23","1480352705.0","2023-01-18","16:20:23"
"151544","8 bilhões de habitantes, tem que baixar esse número pra 3 bilhões no máximo em 50 anos! 
Aguardem!","2023-01-18 16:24:21","1474293925.0","2023-01-18","16:24:21"
"151546","UMA.PESQUISA INTERESSANTE:

O FBI sabia que Hitler não estava morto, mas havia escapado para a Argentina. Outros documentos demonstram como se o estado profundo americano tivezse ajudado na sua fuga e todo o aparato nazista foi contratado peloa EUA.

Foi, na prática, uma transferência de regime de um país para outro. A história que o sistema nos oferece em seus livros é pura ficção.
 https://www.bostonglobe.com/metro/2015/12/17/newly-released-documents-show-fbi-fielding-rumors-after-hitler-death/ScHXtLvnHWXUsoNKHU528K/story.html
￼","2023-01-18 16:43:32","5132268218.0","2023-01-18","16:43:32"
"151549","Trump assiste à execução do homem que o convenceu a aprovar as ""vacinas Covid"". O Real Raw News acaba de publicar a crônica da execução do comissário da FDA para a emissão de vacinas durante o mandato de Trump, Stephen Hahn. E a maior novidade é que o próprio Donald Trump esteve presente (se bem me lembro, este acontecimento só tinha ocorrido noutra ocasião), algo muito significativo porque Hahn disse no julgamento que, quando Trump descobrisse, iria salvá-lo, porque eles eram amigos.
Com a sobriedade que o caracteriza, o cronista da RRN descreve a expressão hierática dos militares presentes na execução (“juraram proteger a Constituição de inimigos externos e internos”), enquanto Trump abanava a cabeça com desgosto e exalava, demonstrando exasperação, até que ele pronunciou as seguintes palavras: ""Eu confiei em você acima de todas as outras pessoas, Stephen. Eu confiei em você e você me traiu. Não só eu, mas este precioso país. Você é um covarde, o pior tipo de covarde que existe. Suas mentiras matou um grande número de pessoas.""
Hahn dirigiu suas últimas palavras ao presidente Trump: ""Cometi um erro. Você pode parar com isso.""
Trump sorriu: ""Isso está além do meu poder, mas mesmo que eu pudesse, não o perdoaria. Você correu um grande risco, um grande risco, e agora é um grande perdedor, como todo mundo.""
O promotor Crandall perguntou se ele queria que o capelão orasse por ele, e Hahn respondeu com desdém, fechando os olhos.
Um momento depois, Hahn foi pendurado pelo pescoço. O médico da marinha certificou sua morte na segunda-feira, 16 de janeiro de 2023, às 10h30. https://realrawnews.com/2023/01/trump-attends-hahns-execution/","2023-01-18 17:04:24","1997475860.0","2023-01-18","17:04:24"
"151550","MARINA MENTE ESCANDALOSAMENTE EM DAVOS E FAZ GRAVE ATAQUE À IMAGEM DO BRASIL NO EXTERIOR (VEJA O VÍDEO)
https://www.jornaldacidadeonline.com.br/noticias/45467/marina-mente-escandalosamente-em-davos-e-faz-grave-ataque-a-imagem-do-brasil-no-exterior-veja-o-video
Insanidade.","2023-01-18 17:12:22","1517387582.0","2023-01-18","17:12:22"
"151551","🌩

🇧🇷⚠️⚠️⚠️⚠️⚠️⚠️


Urgente: MPF acata denúncia-crime contra comandante do Exército e General Arruda pode ser preso, assim como Anderson Torres
https://terrabrasilnoticias.com/2023/01/urgente-mpf-acata-denuncia-crim-contra-comandante-do-exercito-e-general-arruda-pode-ser-preso-assim-como-anderson-torres/","2023-01-18 17:18:04","1517387582.0","2023-01-18","17:18:04"
"151552","#EXTRA_URGENTE 🚨🚨🚨

ESPECIALISTAS INDICAM QUE PODEMOS ESTAR PRESTES À ENFRENTAR UM GRANDE APAGÃO ENERGÉTICO. TORRES JÁ FORAM DERRUBADAS EM ALGUNS ESTADOS DO PAÍS. A ÚLTIMA TORRE DERRUBADA ATÉ O PRESENTE MOMENTO FOI A DE RONDÔNIA SOMANDO UM TOTAL DE 12 TORRES SEM OPERACÃO. 🔥☝️😳💥

Conselho: COMPRE VELAS 🔥

@ZUMBINOTICIAS","2023-01-18 17:34:17","1997475860.0","2023-01-18","17:34:17"
"151553","PRA ESCAPAR DA CADEIA 👇
VIDEO ABAIXO 👇👇👇👇","2023-01-18 17:35:59","1480352705.0","2023-01-18","17:35:59"
"151560","Vídeo de JACKSON","2023-01-18 17:41:36","1219167747.0","2023-01-18","17:41:36"
"151561","🌩

🇧🇷🇧🇷🇧🇷🥾🪖

Comandantes das Forças Armadas atribuem vandalismo a pessoas de fora dos acampamentos no QG: ""Foram forasteiros""
https://terrabrasilnoticias.com/2023/01/comandantes-das-forcas-armadas-atribuem-vandalismo-a-pessoas-de-fora-dos-acampamentos-no-qg-foram-forasteiros/","2023-01-18 17:42:31","1997475860.0","2023-01-18","17:42:31"
"151562","Vídeo de JACKSON","2023-01-18 17:46:32","1219167747.0","2023-01-18","17:46:32"
"151636","O novo Scooby-Doo 🙊","2023-01-18 23:45:18","1814515483.0","2023-01-18","23:45:18"
