"message_id","message","message_utc","from_id","date","time"
"369811","This community was blocked in Brazil following a decision of the Superior Electoral Court (TSE).","2022-10-11 20:21:06","1515329365.0","2022-10-11","20:21:06"
"369812","Multidão chama Lula de 'ladrão' e Bolsonaro faz discurso contundente em Pelotas: 'O bem sempre....

🇧🇷Clique no link: ➘  ➘  ➘
╰─►Canal @direitainteligenteoficial","2022-10-11 20:21:17","5630621604.0","2022-10-11","20:21:17"
"369814","This community was blocked in Brazil following a decision of the Superior Electoral Court (TSE).","2022-10-11 20:22:00","1515329365.0","2022-10-11","20:22:00"
"369815","This community was blocked in Brazil following a decision of the Superior Electoral Court (TSE).","2022-10-11 20:22:00","1515329365.0","2022-10-11","20:22:00"
"369300","Ele Irá. Fazer.  Conchavo com O Color??","2022-10-11 00:37:32","1226592319.0","2022-10-11","00:37:32"
"369301","Meu. marido Perdeu Muito dinheiro Na época Do Color....,,..  Tem que ver isso aí,. Capitao! ,🙄🙄","2022-10-11 00:38:30","1226592319.0","2022-10-11","00:38:30"
"369304","Esse não nasceu de parto normal ele foi cagado","2022-10-11 00:44:18","804813452.0","2022-10-11","00:44:18"
"369810","This community was blocked in Brazil following a decision of the Superior Electoral Court (TSE).","2022-10-11 20:21:06","1515329365.0","2022-10-11","20:21:06"
"369603","https://youtu.be/Tsa-S8K12r0","2022-10-11 18:00:37","703090821.0","2022-10-11","18:00:37"
"369270","*MARCO AURÉLIO MELLO EXPLICA POR QUE LULA NÃO FOI ABSOLVIDO E REFIRMA VOTO EM JAIR BOLSONARO (VEJA VÍDEO)*

https://www.aliadosbrasiloficial.com.br/noticia/marco-aurelio-mello-explica-por-que-lula-nao-foi-absolvido-e-refirma-voto-em-jair-bolsonaro","2022-10-11 00:04:39","873725378.0","2022-10-11","00:04:39"
"369693","Doido é quem ainda ouve essa merda e vota em Bolsonaro como eu já votei","2022-10-11 19:14:16","508347289.0","2022-10-11","19:14:16"
"369272","https://vm.tiktok.com/ZMFjJSFJ2/","2022-10-11 00:10:12","716849925.0","2022-10-11","00:10:12"
"369273","https://youtu.be/OyaidYs1T1I","2022-10-11 00:11:53","2011763779.0","2022-10-11","00:11:53"
"369274","https://youtu.be/H723COJOQpw","2022-10-11 00:13:28","703090821.0","2022-10-11","00:13:28"
"369276","https://youtu.be/umvIQayW1ZU","2022-10-11 00:14:23","1165405248.0","2022-10-11","00:14:23"
"369282","This community was blocked in Brazil following a decision of the Superior Electoral Court (TSE).","2022-10-11 00:22:06","703090821.0","2022-10-11","00:22:06"
"369285","https://vm.tiktok.com/ZMFjeFWeF/","2022-10-11 00:26:27","716849925.0","2022-10-11","00:26:27"
"369290","https://youtu.be/11NCuCkPpWk","2022-10-11 00:30:45","1330185770.0","2022-10-11","00:30:45"
"369291","Entendi Obrigada","2022-10-11 00:32:48","1226592319.0","2022-10-11","00:32:48"
"369295","Vídeo de Gianildo VieiraColégio Loyola BH.
O professor de geografia falou mal do Bolsonaro durante a aula. A turma levantou, foi para o pátio e todo o Colégio aderiu.👊🇧🇷","2022-10-11 00:35:50","766184126.0","2022-10-11","00:35:50"
"369296","Eu. fiquei pensando nisso quando Vi. as fotos.  do Bolsonaro no Templo Satânico...","2022-10-11 00:36:12","1226592319.0","2022-10-11","00:36:12"
"369298","https://www1.folha.uol.com.br/poder/2022/10/ipec-lula-tem-51-e-bolsonaro-42-indecisos-sao-2-e-brancos-e-nulos-5.shtml","2022-10-11 00:36:54","1226592319.0","2022-10-11","00:36:54"
"369299","https://youtu.be/eSk9BYzgRQ4","2022-10-11 00:37:29","703090821.0","2022-10-11","00:37:29"
"369305","https://youtu.be/Ea-ecJmBLNk","2022-10-11 00:52:26","1330185770.0","2022-10-11","00:52:26"
"369308","Foto de João Francisco","2022-10-11 01:15:39","278066212.0","2022-10-11","01:15:39"
"369322","https://youtu.be/ZUw6D8wiu70","2022-10-11 01:34:45","922895002.0","2022-10-11","01:34:45"
"369347","Agenda 2030 em ação...

@despertareinevitavel","2022-10-11 01:58:26","278066212.0","2022-10-11","01:58:26"
"369360","Para algo vale ser uma ""teórica da conspiração"", pensar, ir contra a maré, buscar a verdade, evitar escutar a mídia, não aceitar a imposição do que a maioria aceita, odiar a correção política.

EU NÃO ME VACINEI. Nada tenho a lamentar neste sentido. Só a agradecer a Deus por ter os olhos abertos. Com a ajuda d'Ele . 

Tenho vários amigos e parentes que CAÍRAM diversas vezes. Os médicos inventam todo tipo de ""diagnóstico"" para essas quedas. Algumas dessas pessoas me acompanhavam neste canal ou tinham ouvido da minha boca: não se vacine. Mas preferiram levar a picada. Mais uma vez: preferiram escutar a televisão. Odiar o Bolsonaro. Sifu!!!!","2022-10-11 02:08:29","1406914670.0","2022-10-11","02:08:29"
"369342","SEGUNDO TURNO: GOVERNABILIDADE E O NOSSO FUTURO! VOCÊ DENTRO DAS QUATRO LINHAS... (OUÇA O PODCAST) 
https://www.jornaldacidadeonline.com.br/noticias/42902/segundo-turno-governabilidade-e-o-nosso-futuro-voce-dentro-das-quatro-linhas-ouca-o-podcast 
Ou você faz um gol a favor votando na continuidade de um governo que colocou a economia do Brasil nos eixos e acabou com a corrupção endêmica. Ou faz um gol contra...","2022-10-11 01:54:20","1259220073.0","2022-10-11","01:54:20"
"369343","BONNER COMETE SEU PIOR ERRO E BOLSONARO NÃO PERDOA (VEJA O VÍDEO) 
https://www.jornaldacidadeonline.com.br/noticias/42900/bonner-comete-seu-pior-erro-e-bolsonaro-nao-perdoa-veja-o-video 
Fina ironia.","2022-10-11 01:54:20","1259220073.0","2022-10-11","01:54:20"
"369344","AO VIVO: MAIS UM VEXAME DE LULA / BOLSONARO SOBE O TOM CONTRA O STF (VEJA O VÍDEO) 
https://www.jornaldacidadeonline.com.br/noticias/42910/ao-vivo-mais-um-vexame-de-lula-bolsonaro-sobe-o-tom-contra-o-stf-veja-o-video 
Termine o dia bem informado com o Jornal da Noite!","2022-10-11 01:54:20","1259220073.0","2022-10-11","01:54:20"
"369345","MOVIMENTO DE ADVOGADOS LANÇA FORTE NOTA DE REPÚDIO A TENTATIVA DE CENSURA DO PT JUNTO AO TSE 
https://www.jornaldacidadeonline.com.br/noticias/42908/movimento-de-advogados-lanca-forte-nota-de-repudio-a-tentativa-de-censura-do-pt-junto-ao-tse 
Isso é o PT... Um perigo para a nossa liberdade.","2022-10-11 01:54:20","1259220073.0","2022-10-11","01:54:20"
"369348","https://www.facebook.com/100012596802899/posts/pfbid02ZVtMVoaiQ8HJ4Has3QKn4ppAiQvcdh9qZPYbQHpaHtNEzw68tbZZJjRdERjWra9Jl/","2022-10-11 01:58:33","1511648924.0","2022-10-11","01:58:33"
"369355","https://bomperfil.com/posts/3328877
Venha conferir este post que foi compartilhado na rede social BomPerfil, rede social com liberdade de expressão","2022-10-11 02:03:03","5320999805.0","2022-10-11","02:03:03"
"369356","Vídeo de EDiLSON Alves Mamede","2022-10-11 02:03:40","1578815457.0","2022-10-11","02:03:40"
"369358","Na França, a polícia agora verifica o tanque de combustível antes de permitir o acesso aos postos de gasolina... se você tiver uma quantidade x de combustível no tanque, não tem direito a colocar mais.","2022-10-11 02:08:29","1406914670.0","2022-10-11","02:08:29"
"369359","""O Ministério da Saúde confirma que Salvador Illa não foi vacinado 

O secretário-geral de Saúde Digital, Informação e Inovação do Sistema Nacional de Saúde certificou que o candidato socialista 'não recebeu nenhuma dose'""

O Ministro da Saúde espanhol, Salvador Illa, que liderou toda a farsa do Covid em 2020 NÃO SE VACINOU.

Não é interessante?

Enganou quase todos os espanhóis -- não a mim e aos que pensam como eu, os mais espertos e despertos -- exatamente porque SABIA que tudo era uma farsa, incluída a maldita ""vacina"", um experimento genético.","2022-10-11 02:08:29","1406914670.0","2022-10-11","02:08:29"
"369361","Eu sigo muita gente diferente, de diversos lugares do mundo. Sigo um cara meio ""louco"" que vive sozinho, dorme dentro de um carro, se rebelou contra tudo há muuuuuitos anos e diz umas verdades como ninguém. Rebelde total. Eu adooooro escutá-lo. Grava vídeo, grava áudio, escreve, manda foto... muitos dizem que ele é louco, mas é dotado de muita cordura. Muitas vezes eu queria ter a coragem dele... de dizer as coisas como ele diz....","2022-10-11 02:08:29","1406914670.0","2022-10-11","02:08:29"
"369362","Antigamente os pais educavam os filhos varões para ser MACHOS. Mas hoje.... 🤮🤢🤮

Meu pai chamava esse tipo de mulher de VIADA.😄😂😄😂😄

Deus nos acuda!!! Onde vamos parar??????","2022-10-11 02:08:29","1406914670.0","2022-10-11","02:08:29"
"369363","Diabéisso???? Aula de ""educação sexual""? Não sei se choro ou se rio... Acho que vou chorar!","2022-10-11 02:08:29","1406914670.0","2022-10-11","02:08:29"
"369364","Povo pirado, louco!!!! Todos votantes do Lularápio. E o povo não entende que é preciso BANIR esse demônio do Lula e do PT e de qualquer político de esquerda da política nacional.","2022-10-11 02:08:29","1406914670.0","2022-10-11","02:08:29"
"369372","👆🏻👆🏻👆🏻👆🏻👆🏻👆🏻👆🏻👆🏻BOICOTEM ESTA EMPRESA DE PTRALHA","2022-10-11 02:18:32","1578815457.0","2022-10-11","02:18:32"
"369365","É impressionante. Terrível o que ela conta. Gravíssimo. E eu tenho que andar como pisando em ovos para não ofender aqueles que NÃO QUEREM VER!? Não querem ver que é preciso ajudar a destruir essa esquerda!!","2022-10-11 02:08:29","1406914670.0","2022-10-11","02:08:29"
"369366","""Vacina"" PFIZER

É isso o que ela faz. Não faz exatamemte ISSO com todos os que se vacinaram. Mas esse tipo de coisa é como uma roleta russa. Pode ocorrer com você. E se não ocorre ISSO, ocorre outra coisa. 

E BOLSONARO, o único que alertou para as consequências imprevisíveis desse veneno, é tachado de genocida por uma mídia criminosa que engana o povo junto com os comuno-petistas. Que NOJOOOOOOOO!","2022-10-11 02:08:29","1406914670.0","2022-10-11","02:08:29"
"369367","This community was blocked in Brazil following a decision of the Superior Electoral Court (TSE).","2022-10-11 02:08:29","1406914670.0","2022-10-11","02:08:29"
"369368","https://youtu.be/yTk1_DjwPI0","2022-10-11 02:09:13","1530885709.0","2022-10-11","02:09:13"
"369370","https://bomperfil.com/posts/3328938
Venha conferir este post que foi compartilhado na rede social BomPerfil, rede social com liberdade de expressão","2022-10-11 02:15:12","5320999805.0","2022-10-11","02:15:12"
"369373","*UBIRATAN SANDERSON (PL-RS), VICE-LÍDER DO GOVERNO PEDE PROVIDÊNCIAS AO MP CONTRA ATO POLÍTICO NA UFPEL*

https://www.aliadosbrasiloficial.com.br/noticia/ubiratan-sanderson-pl-rs-vice-lider-do-governo-pede-providencias-ao-mp-contra-ato-politico-na-ufpel","2022-10-11 02:20:55","873725378.0","2022-10-11","02:20:55"
"369374","https://www.facebook.com/sergio.deoliveira.96592/videos/859487841711196/","2022-10-11 02:21:54","1511648924.0","2022-10-11","02:21:54"
"369376","N*URGENTE: ESQUERDISTA AMEAÇA ‘EXECUTAR’ FILHOS DE CONSERVADORES PARA ‘PURIFICAR A RAÇA’*

https://www.aliadosbrasiloficial.com.br/noticia/urgente-esquerdista-ameaca-executar-filhos-de-conservadores-para-purificar-a-raca","2022-10-11 02:22:24","873725378.0","2022-10-11","02:22:24"
"369377","Geeeeente, alguém deste grupo me passou o link da loja que vende essa caneca e eu comprei 2 e gostei muuuito, nooosss senhora, são ótimas demais e preciso que quem me mandou o Link me mandem de novo por favor! Sensacional essas canecas! Por favor quem tiver mandado que mande de novo por favor! Meu pai tá pedindo o link pq ele também quer comprar!","2022-10-11 02:23:46","2134820471.0","2022-10-11","02:23:46"
"369378","Obrigada quem me enviou, e quem tá me perguntando no privado qual é o link vou deixar aqui em baixo: 👇🏻 (Recomendo demais!)

https://voozoom.com.br/collections/destaques/products/lojaoficial-caneca-eletrica-automatica","2022-10-11 02:23:46","2134820471.0","2022-10-11","02:23:46"
"369379","https://youtu.be/Ea-ecJmBLNk","2022-10-11 02:26:47","1578815457.0","2022-10-11","02:26:47"
"369383","https://youtube.com/watch?v=zcgw0uWAl3w&feature=share","2022-10-11 02:34:38","523550815.0","2022-10-11","02:34:38"
"369384","Segue lá no instagram pessoal Instagram.com/brunolctba","2022-10-11 02:37:41","5320999805.0","2022-10-11","02:37:41"
"369426","TEM CIÁTICA? Enorme aumento nos casos de ciática desde o início da campanha de vacina contra Covid-19
https://verdadecensurada.com.br/noticia/1216/tem-ciatica-enorme-aumento-nos-casos-de-ciatica-desde-o-inicio-da-campanha-de-vacina-contra-covid-19#.Yz3UybBtE4c.telegram

Acesse o CANAL.

Participe do GRUPO

Siga:  TWITTER & GETTR","2022-10-11 08:43:14","2066195004.0","2022-10-11","08:43:14"
"369427","https://youtu.be/qQ3htq-T2T0","2022-10-11 08:44:02","120239897.0","2022-10-11","08:44:02"
"369404","https://youtu.be/3QF40PwJV1k","2022-10-11 03:12:56","1530885709.0","2022-10-11","03:12:56"
"369405","https://youtu.be/fG2TTalVaCE","2022-10-11 03:14:36","1165405248.0","2022-10-11","03:14:36"
"369406","https://www.facebook.com/100001561817982/posts/pfbid0jobPczWJxYRQj4ht3p1LKwcpZqodxJXzLYtB9a5VXrQPw42MLGRiLPgGHucLzVCel/","2022-10-11 03:16:31","524657330.0","2022-10-11","03:16:31"
"369409","https://youtu.be/1d6HqVK9j-0","2022-10-11 03:34:10","2011763779.0","2022-10-11","03:34:10"
"369414","https://vm.tiktok.com/ZMFj25uVV/","2022-10-11 06:45:35","716849925.0","2022-10-11","06:45:35"
"369415","https://vm.tiktok.com/ZMFj2QgFk/","2022-10-11 06:52:34","716849925.0","2022-10-11","06:52:34"
"369417","https://vm.tiktok.com/ZMFj2q6fF/","2022-10-11 07:21:25","716849925.0","2022-10-11","07:21:25"
"369418","https://vm.tiktok.com/ZMFj2TbUL/","2022-10-11 07:42:42","716849925.0","2022-10-11","07:42:42"
"369419","https://vm.tiktok.com/ZMFjjetFc/","2022-10-11 07:58:41","716849925.0","2022-10-11","07:58:41"
"369420","https://vm.tiktok.com/ZMFj2TKFQ/","2022-10-11 08:04:54","716849925.0","2022-10-11","08:04:54"
"369421","https://vm.tiktok.com/ZMFj27TpK/","2022-10-11 08:24:56","716849925.0","2022-10-11","08:24:56"
"369428","https://vm.tiktok.com/ZMFjjaCGQ/","2022-10-11 09:10:24","716849925.0","2022-10-11","09:10:24"
"369429","https://vm.tiktok.com/ZMFjjAgDf/","2022-10-11 09:20:31","716849925.0","2022-10-11","09:20:31"
"369430","Bom dia","2022-10-11 09:25:13","1552273620.0","2022-10-11","09:25:13"
"369431","PRISÃO NA IGREJA CATÓLICA POR CAUSA DO AMIGO DE LULA! AS CENAS SÃO CHOCANTES!!
👇👇👇👇👇 ASSISTA!
https://youtu.be/3lKQts6v46w","2022-10-11 09:37:44","5206236308.0","2022-10-11","09:37:44"
"369432","https://www.tiktok.com/@charlesgodinho/video/7153080113939188998?_r=1&u_code=dah2ae74g2d0gi&preview_pb=0&language=pt&_d=e37ll939ii8did&share_item_id=7153080113939188998&source=h5_m&timestamp=1665481215&user_id=6787918700811273222&sec_user_id=MS4wLjABAAAAdPTm-5hYMpdwodNmZ0BHg_fvowidqhUcXW5lS_CHTDEBxDgGetosH5HHy7UiXgZD&utm_source=telegram&utm_campaign=client_share&utm_medium=android&share_iid=7152463610768590598&share_link_id=5c36ed14-1cea-4dda-b3e0-20dda0c7ea0b&share_app_id=1233&ugbiz_name=Main&ug_btm=b2001","2022-10-11 09:40:34","716849925.0","2022-10-11","09:40:34"
"369433","Áudio de Ralfo","2022-10-11 10:01:45","1047335622.0","2022-10-11","10:01:45"
"369435","https://vm.tiktok.com/ZMFj6anCX/","2022-10-11 10:23:10","716849925.0","2022-10-11","10:23:10"
"369436","mRNA da vacina COVID encontrado no leite materno em 7 de 11 mães vacinadas
https://verdadecensurada.com.br/noticia/1217/mrna-da-vacina-covid-encontrado-no-leite-materno-em-7-de-11-maes-vacinadas#.Yz3VSRHOr8o.telegram

Acesse o CANAL.

Participe do GRUPO

Siga:  TWITTER & GETTR","2022-10-11 10:32:32","2066195004.0","2022-10-11","10:32:32"
"369447","https://www.drykarretada.com.br/noticias/brasil/1290058","2022-10-11 10:53:43","804541003.0","2022-10-11","10:53:43"
"369448","https://www.facebook.com/PastorMarcoFeliciano/videos/523189066310925/","2022-10-11 11:01:30","524657330.0","2022-10-11","11:01:30"
"369453","https://twitter.com/AlvarezEdu1201/status/1579518362002292736?t=zIgPRY050ux-sRloaOdFjg&s=35","2022-10-11 11:16:42","524657330.0","2022-10-11","11:16:42"
"369454","https://www.drykarretada.com.br/noticias/brasil/1290076","2022-10-11 11:18:01","804541003.0","2022-10-11","11:18:01"
"369458","https://youtube.com/shorts/SAxxVV0urzQ?feature=share","2022-10-11 11:37:40","1165856534.0","2022-10-11","11:37:40"
"369459","https://youtu.be/Tsa-S8K12r0","2022-10-11 11:51:28","1511648924.0","2022-10-11","11:51:28"
"369460","https://youtu.be/zVDly-YV8q4","2022-10-11 11:51:54","922895002.0","2022-10-11","11:51:54"
"369697","Militar rico falando de conspiração com urna eletrônica","2022-10-11 19:16:13","508347289.0","2022-10-11","19:16:13"
"369461","IVES GANDRA MARTINS E O ILD (INSTITUTO LULA DE DESINFORMAÇÃO) 
https://www.jornaldacidadeonline.com.br/noticias/42911/ives-gandra-martins-e-o-ild-instituto-lula-de-desinformacao 
O maior jurista vivo do Brasil, além de ser um ícone moral da República.","2022-10-11 11:57:19","1259220073.0","2022-10-11","11:57:19"
"369462","SE ALGUÉM TE PROMETEU ÁGUA E NÃO TE DEU, IMAGINE “PICANHA” (VEJA O VÍDEO) 
https://www.jornaldacidadeonline.com.br/noticias/42912/se-alguem-te-prometeu-agua-e-nao-te-deu-imagine-picanha 
O estelionato eleitoral...","2022-10-11 11:57:19","1259220073.0","2022-10-11","11:57:19"
"369463","AO VIVO: ACIONISTAS DA PETROBRÁS ENTRAM EM ALERTA MÁXIMO (VEJA O VÍDEO) 
https://www.jornaldacidadeonline.com.br/noticias/42913/ao-vivo-acionistas-da-petrobras-entram-em-alerta-maximo-veja-o-video 
O que aconteceria no dia seguinte às eleições se o meliante que institucionalizou a corrupção vencesse as eleições?","2022-10-11 11:57:19","1259220073.0","2022-10-11","11:57:19"
"369464","O ERRO CRUCIAL DE LULA, A DURA RESPOSTA DE ROMEU ZEMA E O EFEITO FULMINANTE 
https://www.jornaldacidadeonline.com.br/noticias/42914/o-erro-crucial-de-lula-a-dura-resposta-de-romeu-zema-e-o-efeito-fulminante 
Minas Gerais está vacinada contra PT.","2022-10-11 11:57:19","1259220073.0","2022-10-11","11:57:19"
"369466","UM AMIGO ME PERGUNTOU EM QUEM Q EU VOTEI , RESPONDI Q FOI NO BOLSONARO , ELE ME PERGUNTOU SE EU GOSTO DELE (BOLSONARO), RESPONDI Q NÃO,  QUE GOSTO É DE MIM MESMO 

GOSTO DE TER LIBERDADE 

GOSTO DE EMITIR MINHA OPINIÃO 

GOSTO DE SER CRISTÃO E TER MINHA FÉ 

GOSTO DA MINHA FAMÍLIA 

GOSTO DA VIDA

GOSTO DE IMPRENSA LIVRE 

GOSTO DE SEGURANÇA PÚBLICA ,BANDIDO PRESO 

GOSTO DE TER OPÇÃO DE ME DEFENDER

GOSTO DE BOA EDUCAÇÃO 

GOSTO DE BOA SAÚDE 

GOSTO DE ESCOLA SEM DOUTRINAÇÃO 

GOSTO QUE O IMPOSTO QUE EU PAGO SEJA INVESTIDO NO MEU PAÍS (saneamento básico, rodovias, metrôs ,escolas,hospitais,etc…) E NÃO INVESTIDO EM OUTROS PAÍSES 

GOSTO DO MEU PAÍS


CONCLUSÃO:
NÃO PRECISA GOSTAR DO PRESIDENTE; 
GOSTE DE VOCÊ MESMO","2022-10-11 12:03:06","1030952350.0","2022-10-11","12:03:06"
"369471","https://www.jornaldacidadeonline.com.br/noticias/42913/ao-vivo-acionistas-da-petrobras-entram-em-alerta-maximo-veja-o-video","2022-10-11 12:09:09","988435360.0","2022-10-11","12:09:09"
"369474","https://www.jornaldacidadeonline.com.br/noticias/42914/o-erro-crucial-de-lula-a-dura-resposta-de-romeu-zema-e-o-efeito-fulminante","2022-10-11 12:10:20","988435360.0","2022-10-11","12:10:20"
"369555","This community was blocked in Brazil following a decision of the Superior Electoral Court (TSE).","2022-10-11 17:04:04","703090821.0","2022-10-11","17:04:04"
"369481","Vídeo de Ralfo","2022-10-11 13:08:06","1047335622.0","2022-10-11","13:08:06"
"369484","Ninguém poderá dizer que náo sabía,  que náo foi avisado.","2022-10-11 13:11:23","1047335622.0","2022-10-11","13:11:23"
"369491","╔════==🇧🇷🇧🇷🇧🇷==════╗
          *Que Mulher Incrível!*
          *Corajosa e Brilhante!*
               *E Ainda Assinou...*
                                   
*Bom dia, Luiz Inácio!*

*Sabe Luiz,* tal como   você, também sou de origem humilde. Minha mãe lavou muita roupa e fez muito crochê para me criar. Depois, minhas irmãs cresceram e foram ser tecelãs numa indústria em Bauru...

*Estudamos em* escola pública. Naquele tempo nem calçado tinha. *Ganhava roupas usadas* e me sentia uma rainha. 
*Com muito custo estudamos, Luiz Inácio!*

*Desde 5 anos eu já ajudava em casa* para minhas irmãs trabalharem e minha mãe também. 
*Com 12 anos comecei a trabalhar fora, como doméstica,* depois metalúrgica, *até que terminei meu colégio e ingressei numa Universidade Pública.*

*Luiz Inácio,* nunca fiz cursinho, nunca fui incentivada, levantava às 4 e ia dormir uma da manhã; tomava vários ônibus. 
*Caminhava muito, comia pouco,* vivia para os estudos e, engraçado, nunca perdi um ano, nunca perdi uma aula e, *Graças a Deus, em 1983 me formei em Medicina.* Me especializei, me casei e junto com meu marido luto para dar o melhor para as minhas filhas.

*Hoje sou preceptora em uma Universidade, ganho tão* pouco que é uma vergonha ser médico nesse País... *Depois que você quis brincar de presidente, as* coisas pioraram ainda mais, mas o que se há de fazer.

*Agora, vem cá:Você é pobre e não teve condição de estudar ? ? ?*
Não me engana com esse rosário... Mas não mesmo...
*Sua mãe era analfabeta?* Empatamos; a minha também, eu ensinei a ela conforme ia me alfabetizando até aparecer o Mobral - *desculpinha esfarrapada essa sua heim???*

*Eu engoli você esses 8 anos, com suas gafes, seus roubos,* (e como sei de coisas. Conheço o Palocci...) E sempre fiquei na minha, quieta porque é um direito seu... *Mas, hoje, ao ligar a televisão e ver você,* hipocritamente, chamar a todos os brasileiros de burros e incompetentes, 
lamento. *Mas foi*a gota d'água! ...* 
*Não julgue os outros por você. Não me compare à sua laia ...* Sou apolítica, *mas sou brasileira* e em momento algum o senhor fez por merecer todo carinho que essa gente lhe dá.

*Luiz Inácio,* falar que o POVO BRASILEIRO NÃO TEVE INTELIGÊNCIA SUFICIENTE PARA DECIDIR A ELEIÇÃO, *creia, foi a pior frase que você poderia ter dito...* Posso até concordar que 48% não teve inteligência porque vive na ignorância, na mesma que você julga que o povo brasileiro tem. 

*Eu só espero que essa sua frase, dita num sorriso de quem já tinha bebido todas...* Ecoe de Norte ao Sul do País e acorde esse povo que, como eu, lutou muito para chegar onde está... *Que, como eu, não agüenta mais pagar impostos para o senhor e sua corja* gastarem com sabe-se lá o que.

*Foi mal Luiz Inácio...* muito mal mesmo!

*Uma brasileira.*

*DRA. MARISE VALÉRIA SANTOS-CRM 77.577-SP*✍

"" O que me preocupa não é o grito dos sem ética, dos sem caráter, dos corruptos, dos sem vergonha. *O Que Me Preocupa É O Silêncio Dos Bons"".*

                *BRASILEIRO(A)*
             *R  E  P  A  S  S   E*
               
🇧🇷🇧🇷🇧🇷🇧🇷🇧🇷🇧🇷🇧🇷🇧🇷🇧🇷🇧🇷🇧🇷🇧🇷","2022-10-11 13:19:29","194234210.0","2022-10-11","13:19:29"
"369698","O Bolsonaro venceu em 2018 porra","2022-10-11 19:16:21","508347289.0","2022-10-11","19:16:21"
"369494","AMEAÇA EXPLÍCITA AO VIVO","2022-10-11 13:20:28","1578815457.0","2022-10-11","13:20:28"
"369500","A proposta de legalizar o que passou a ser chamado de orçamento secreto foi sim do Congresso Nacional e chegou a ser vetada por Bolsonaro. Porém, o presidente recuou e, mais tarde, encaminhou o texto que criou essa modalidade de emenda, em dezembro de 2019. A motivação em torno da costura para viabilizar o orçamento secreto era o apoio do Centrão a Bolsonaro em troca de o presidente delegar o poder de definir o destino das emendas de relator, identificadas como RP 9, diretamente aos congressistas.","2022-10-11 13:25:16","508347289.0","2022-10-11","13:25:16"
"369501","Então era pra Bolsonaro não levar impeachment?","2022-10-11 13:25:54","508347289.0","2022-10-11","13:25:54"
"369502","https://bomperfil.com/posts/3330194
Venha conferir este post que foi compartilhado na rede social BomPerfil, rede social com liberdade de expressão","2022-10-11 13:35:34","5320999805.0","2022-10-11","13:35:34"
"369503","GAROTA ESTÁ SENDO AMEAÇADA POR COVARDES APOIADORES DO LARÁPIO DE NOVE DEDOS. VEJA A DEMOCRACIA QUE ESSA CORJA DIZ DEFENDER
 👇👇👇👇👇👇👇🇧🇷🇧🇷🇧🇷
https://youtu.be/6idOMxyKnio","2022-10-11 13:36:20","5206236308.0","2022-10-11","13:36:20"
"369504","https://youtu.be/PUWZi0NOZ8Y","2022-10-11 13:40:30","1578815457.0","2022-10-11","13:40:30"
"369505","https://www.folhadestra.com/bolsonaro-promete-reduzir-maioridade-penal-se-reeleito/","2022-10-11 13:46:25","2038462147.0","2022-10-11","13:46:25"
"369506","https://youtu.be/13tZS9q_MWE","2022-10-11 13:54:55","1406914670.0","2022-10-11","13:54:55"
"369511","https://lulaflix.com.br/","2022-10-11 13:59:28","1406914670.0","2022-10-11","13:59:28"
"369516","https://youtu.be/7Fly4oke8J8","2022-10-11 14:13:13","1534239888.0","2022-10-11","14:13:13"
"369517","Entrevistas do Lula. Pessoas que ele mais admira: Fidel Castro, Hitler e Mao tse tung ( revolucionário comunista da china que matou 60 milhões de pessoas). Diz que com 10 anos já fazia sexo com ANIMAIS. Tem outra entrevista ainda que ele conta que quando tava preso no regime militar tentou estuprar um rapaz pq não podia ficar um mês sem sexo. ESPALHEM","2022-10-11 14:14:27","5469731950.0","2022-10-11","14:14:27"
"369520","https://youtu.be/d27uHH0iGyg","2022-10-11 14:20:53","5469731950.0","2022-10-11","14:20:53"
"369521","Braço direito de lula conta sobre a corrupção do Lula: TODOS ministerios, estatais e órgãos foram roubados. Lula tem a disposição uma conta de 300 milhões na odebrecht. O próprio presidente da odebrecht tb falou isso. Espalhem","2022-10-11 14:20:54","5469731950.0","2022-10-11","14:20:54"
"369522","🚨 AGORA 
O INESPERADO ACONTECE: GLOBO reconhece uma verdade.

Assista e compartilhe 👇
https://youtu.be/gZYlJIIbFAA","2022-10-11 14:24:37","763394776.0","2022-10-11","14:24:37"
"369523","https://vm.tiktok.com/ZMFjhyqnq/","2022-10-11 14:30:29","5469731950.0","2022-10-11","14:30:29"
"369524","BOMBA! O Lula tá prometendo picanha mas o plano dele é CONFISCAR O DINHEIRO DE TODO MUNDO. É por isso que ele não diz qual o seu plano de governo. ESPALHEM","2022-10-11 14:30:29","5469731950.0","2022-10-11","14:30:29"
"369525","https://youtu.be/3HnktdgdOl8","2022-10-11 14:39:25","1578815457.0","2022-10-11","14:39:25"
"369526","https://terrabrasilnoticias.com/2022/10/extra-tbn-stj-pede-afastamento-de-governador-de-alagoas-apos-operacao-da-pf/","2022-10-11 14:40:52","1543146309.0","2022-10-11","14:40:52"
"369527","Especialista em códigos de  Inteligência Artificial, fala que Hackers descobriram o Pacto que o Lula, A Dilma, O FHC e o Fidel Castro fizeram com o Diabo, venderam as almas dos apoiadores do Lula para Satanás e tem que entregar até 2026 . VOTE 22 PARA IMPEDIR QUE O 13 O n. Da desgraça governe o País.","2022-10-11 14:41:00","1047335622.0","2022-10-11","14:41:00"
"369528","Especialista em códigos de  Inteligência Artificial, fala que Hackers descobriram o Pacto que o Lula, A Dilma, O FHC e o Fidel Castro fizeram com o Diabo, venderam as almas dos apoiadores do Lula para Satanás e tem que entregar até 2026 . VOTE 22 PARA IMPEDIR QUE O 13 O n. Da desgraça governe o País.","2022-10-11 14:41:19","1047335622.0","2022-10-11","14:41:19"
"369530","AGORA! Acaba de VAZAR ÁUDIO Que CH0C0U O Brasil Tava TUDO PRONTO PRO MANGUAÇA Levar No T∆PETÃ0
👇👇👇🇧🇷🇧🇷 ASSISTA! https://youtu.be/f86Pq7TroKA","2022-10-11 14:50:18","5206236308.0","2022-10-11","14:50:18"
"369534","Damaris abrigou neonazis no seu gabinete, lá circulavam livremente Proud Boys, ela indicou Alvim, q fez a cena Goobels, ela trouxe Sara Hitler Winter, q dizia ser como sua filha. Pq grande parte do Nazismo do governo bolsonazista vem dela?","2022-10-11 15:33:18","508347289.0","2022-10-11","15:33:18"
"369537","https://youtu.be/16QP1tSed3I","2022-10-11 15:44:36","2011763779.0","2022-10-11","15:44:36"
"369538","https://youtu.be/sOxeTBNEpMI","2022-10-11 15:47:23","2011763779.0","2022-10-11","15:47:23"
"369558","This community was blocked in Brazil following a decision of the Superior Electoral Court (TSE).","2022-10-11 17:14:08","703090821.0","2022-10-11","17:14:08"
"369543","https://youtu.be/JkKwcT0IbrU","2022-10-11 16:02:57","1314192833.0","2022-10-11","16:02:57"
"369545","This community was blocked in Brazil following a decision of the Superior Electoral Court (TSE).","2022-10-11 16:39:46","703090821.0","2022-10-11","16:39:46"
"369546","https://www.folhadestra.com/mais-de-80-dos-presos-votaram-em-lula-no-primeiro-turno/","2022-10-11 16:40:46","2038462147.0","2022-10-11","16:40:46"
"369549","SE ALGUÉM TE PROMETEU ÁGUA E NÃO TE DEU, IMAGINE “PICANHA” (VEJA O VÍDEO) 
https://www.jornaldacidadeonline.com.br/noticias/42912/se-alguem-te-prometeu-agua-e-nao-te-deu-imagine-picanha 
O estelionato eleitoral...","2022-10-11 16:46:36","278066212.0","2022-10-11","16:46:36"
"369553","This community was blocked in Brazil following a decision of the Superior Electoral Court (TSE).","2022-10-11 16:57:15","703090821.0","2022-10-11","16:57:15"
"369554","This community was blocked in Brazil following a decision of the Superior Electoral Court (TSE).","2022-10-11 17:00:40","703090821.0","2022-10-11","17:00:40"
"369560","https://tribunanacional.com.br/noticia/4533/wef--os-seres-humanos-devem-se-conectar-a-nossa-matriz-ou-morrer#.Y0Wlb9D6k20.telegram
WEF: 'Os seres humanos devem se conectar à nossa matriz ou morrer'

Apesar do que a grande mídia está tentando nos convencer, o Fórum Econômico Mundial não está tentando consertar nada. Eles estão tentando quebrar tudo e deixá-lo quebrado. Eles estão tentando quebrar você . Você pode querer começar a prestar mais atenção.

📌 GETTR
📌 BOMPERFIL","2022-10-11 17:20:45","5024946675.0","2022-10-11","17:20:45"
"369564","A omissão de 40 milhões de apátridas pode custar a liberdade de 220 milhões de brasileiros. VÁ VOTAR!!! CONVENÇA OUTROS A IREM TAMBÉM!!!

Canal
@OsPatriotas🇧🇷","2022-10-11 17:36:33","1047335622.0","2022-10-11","17:36:33"
"369574","URGENTE: GOVERNADOR, CANDIDATO A REELEIÇÃO, ALIADO DE LULA E RENAN, É AFASTADO DO CARGO PELO STJ (VEJA O VÍDEO) 
https://www.jornaldacidadeonline.com.br/noticias/42916/urgente-governador-candidato-a-reeleicao-aliado-de-lula-e-renan-e-afastado-do-cargo-pelo-stj 
O sujeito, amigo do Lula, foi denunciado pelo próprio pai...","2022-10-11 17:43:54","1530885709.0","2022-10-11","17:43:54"
"369699","Com a mesma urna eletrônica","2022-10-11 19:16:33","508347289.0","2022-10-11","19:16:33"
"369566","https://youtube.com/watch?v=smebzOcPhuQ&feature=share","2022-10-11 17:41:01","523550815.0","2022-10-11","17:41:01"
"369567","This community was blocked in Brazil following a decision of the Superior Electoral Court (TSE).","2022-10-11 17:41:41","1515329365.0","2022-10-11","17:41:41"
"369568","https://youtu.be/wOmq7aFsbgE","2022-10-11 17:43:48","2011763779.0","2022-10-11","17:43:48"
"369569","AO VIVO: MAIS UM VEXAME DE LULA / BOLSONARO SOBE O TOM CONTRA O STF (VEJA O VÍDEO) 
https://www.jornaldacidadeonline.com.br/noticias/42910/ao-vivo-mais-um-vexame-de-lula-bolsonaro-sobe-o-tom-contra-o-stf-veja-o-video 
Termine o dia bem informado com o Jornal da Noite!","2022-10-11 17:43:54","1530885709.0","2022-10-11","17:43:54"
"369578","https://youtu.be/Ryd6594dHvI","2022-10-11 17:47:56","2011763779.0","2022-10-11","17:47:56"
"369570","MOVIMENTO DE ADVOGADOS LANÇA FORTE NOTA DE REPÚDIO A TENTATIVA DE CENSURA DO PT JUNTO AO TSE 
https://www.jornaldacidadeonline.com.br/noticias/42908/movimento-de-advogados-lanca-forte-nota-de-repudio-a-tentativa-de-censura-do-pt-junto-ao-tse 
Isso é o PT... Um perigo para a nossa liberdade.","2022-10-11 17:43:54","1530885709.0","2022-10-11","17:43:54"
"369571","IVES GANDRA MARTINS E O ILD (INSTITUTO LULA DE DESINFORMAÇÃO) 
https://www.jornaldacidadeonline.com.br/noticias/42911/ives-gandra-martins-e-o-ild-instituto-lula-de-desinformacao 
O maior jurista vivo do Brasil, além de ser um ícone moral da República.","2022-10-11 17:43:54","1530885709.0","2022-10-11","17:43:54"
"369572","O ERRO CRUCIAL DE LULA, A DURA RESPOSTA DE ROMEU ZEMA E O EFEITO FULMINANTE 
https://www.jornaldacidadeonline.com.br/noticias/42914/o-erro-crucial-de-lula-a-dura-resposta-de-romeu-zema-e-o-efeito-fulminante 
Minas Gerais está vacinada contra PT.","2022-10-11 17:43:54","1530885709.0","2022-10-11","17:43:54"
"369573","ESCRITOR SURPREENDE, DESAFIA O ""SISTEMA"" E LANÇA CAMPANHA PARA ELEVAR O NOME DE BOLSONARO NESSA RETA FINAL 
https://www.jornaldacidadeonline.com.br/noticias/42857/escritor-surpreende-desafia-o-equotsistemaequot-e-lanca-campanha-para-elevar-o-nome-de-bolsonaro-nessa-reta-final 
Excelente iniciativa.","2022-10-11 17:43:54","1530885709.0","2022-10-11","17:43:54"
"369579","O PROBLEMA DO LULA NÃO É O BOLSONARO E SIM O APARATO MILITAR QUE TOMOU CONTA DO GOVERNO. 
SE TEM UMA COISA QUE FAZ COMUNISTA ESTREMECER ESSA COISA CHAMA-SE FORÇAS ARMADAS DOS BRASIL!
INTERVENÇÃO MILITAR SIM!
🇧🇷🇧🇷🇧🇷🇧🇷🚬🐍🚬🐍","2022-10-11 17:48:22","1515329365.0","2022-10-11","17:48:22"
"369584","Vídeo de Paulo Esteves","2022-10-11 17:51:34","1500794157.0","2022-10-11","17:51:34"
"369599","O PROBLEMA DO LULA NÃO É O BOLSONARO E SIM O APARATO MILITAR QUE TOMOU CONTA DO GOVERNO. 
SE TEM UMA COISA QUE FAZ COMUNISTA ESTREMECER ESSA COISA CHAMA-SE FORÇAS ARMADAS DOS BRASIL!
INTERVENÇÃO MILITAR SIM!
🇧🇷🇧🇷🇧🇷🇧🇷🚬🐍🚬🐍","2022-10-11 17:58:36","703090821.0","2022-10-11","17:58:36"
"369604","Venezuela.","2022-10-11 18:00:37","703090821.0","2022-10-11","18:00:37"
"369612","Brigas em postos de gasolina, filas de quilômetros, gasolina em pacotes: o cotidiano da crise do combustível na França. Imagine quando chegar a crise dos alimentos.","2022-10-11 18:04:20","703090821.0","2022-10-11","18:04:20"
"369616","This community was blocked in Brazil following a decision of the Superior Electoral Court (TSE).","2022-10-11 18:10:12","703090821.0","2022-10-11","18:10:12"
"369619","https://youtube.com/watch?v=TbnBYG3DVvc&feature=share","2022-10-11 18:14:25","523550815.0","2022-10-11","18:14:25"
"369620","This community was blocked in Brazil following a decision of the Superior Electoral Court (TSE).","2022-10-11 18:15:56","703090821.0","2022-10-11","18:15:56"
"369622","This community was blocked in Brazil following a decision of the Superior Electoral Court (TSE).","2022-10-11 18:16:35","1515329365.0","2022-10-11","18:16:35"
"369643","André Valadão se defende das calúnias: ""Estão desesperados""

https://pleno.news/brasil/andre-valadao-se-defende-das-calunias-estao-desesperados.html","2022-10-11 18:46:26","1265922478.0","2022-10-11","18:46:26"
"369644","https://youtu.be/E5wEma2WnV8","2022-10-11 18:47:36","1165405248.0","2022-10-11","18:47:36"
"369648","NÃO DESCANSEM
SOLDADOS, ESTÁ GUERRA É NOSSA ! 

PT NÃO É UM PARTIDO MAS UMA FACÇÃO CRIMINOSA. 

🦁@selvaeaco","2022-10-11 18:51:36","1515329365.0","2022-10-11","18:51:36"
"369700","O Pazuello, um genocida, venceu, com a urna eletrônica","2022-10-11 19:16:46","508347289.0","2022-10-11","19:16:46"
"369653","Quando a água tá batendo na bunda … 

Globosta se manifestando … tá com medinho né ? 

🦁@selvaeaco","2022-10-11 18:53:22","1515329365.0","2022-10-11","18:53:22"
"369660","Quando a água tá batendo na bunda … 

Globosta se manifestando … tá com medinho né ? 

🦁@selvaeaco","2022-10-11 18:55:36","703090821.0","2022-10-11","18:55:36"
"369668","99% da bandidagem está com o molusco!","2022-10-11 18:59:37","1265922478.0","2022-10-11","18:59:37"
"369670","MESES ATRÁS EM DISCURSO PARA PELEGOS PTISTAS E ADEPTOS DE SUA SEITA, LuLA DISSE  NÃO ESTAR VELHO,  E SIM QUE FICOU MAIS  *MADURO*
👇👇👇👇👇👇👇👇","2022-10-11 18:59:46","1578815457.0","2022-10-11","18:59:46"
"369681","com todo respeito, zero tempo pra conversinha com militar... eles vivem na boa, todos são maçons e querem dizer pra mim sobre voto de papel?","2022-10-11 19:06:31","508347289.0","2022-10-11","19:06:31"
"369682","eles nem acharam nada, por isso que não tem o que dizer da urna eletrônica","2022-10-11 19:06:43","508347289.0","2022-10-11","19:06:43"
"369683","isso tudo é pra esconder que o Bolsonaro não faz nada e quando faz, só faz merda","2022-10-11 19:07:02","508347289.0","2022-10-11","19:07:02"
"369703","Você é fraco demais, por isso que Bolsonaro te convence","2022-10-11 19:17:21","508347289.0","2022-10-11","19:17:21"
"369706","Por isso e por gente como você que eu vou votar branco e vou fazer campanha contra o Bolsonaro","2022-10-11 19:18:07","508347289.0","2022-10-11","19:18:07"
"369710","https://youtu.be/JkKwcT0IbrU","2022-10-11 19:18:39","1578815457.0","2022-10-11","19:18:39"
"369737","Estão acusando a ministra Damaris de mentir sobre os casos de pedofilia com crianças, mas não é de hoje que ela faz estas denúncias. No passado ela relatou esses casos na comissão de seguridade social e família para os deputados. Ninguém fez nada. Quem quiser ver o video completo acesse: https://m.facebook.com/story.php?story_fbid=pfbid02viuJUGxJyrDsTg1DqdPqayp8qVQCQEyWtvb21s8iTotW3N9bmW4sKYdhnmxqtNU6l&id=100055037892234","2022-10-11 19:27:25","1296977392.0","2022-10-11","19:27:25"
"369738","🎮 Baixe e cadastre-se para ganhar R$2 de graça e é só jogar até 5 virar e pode sacar SEM recarga, pegue rapidinho para pegar o seu

💵 Depósito mínimo de R$ 20 e saque mínimo de R$ 20, PROCESSO RÁPIDO, Receba um bônus de rodadas grátis para o seu depósito

🎰Obtenha muitas recompensas, moedas de jogos grátis, recompensas diárias

🕹️O MÍNIMO PODE COMEÇAR A JOGAR A PARTIR DE R$1🕹️

👭🏻Você pode se tornar agente em nossos jogos, convide a cada 10 amigos e ganhe R$5 👬🏻

Clique no link para baixar: http://bra008.com

Participe do nosso canal do escritório: t.me/fortunafeliz8","2022-10-11 19:32:46","5665464721.0","2022-10-11","19:32:46"
"369744","Estão acusando a ministra Damaris de mentir sobre os casos de pedofilia com crianças, mas não é de hoje que ela faz estas denúncias. No passado ela relatou esses casos na comissão de seguridade social e família para os deputados. Ninguém fez nada, pois se fizer irá chegar nas alturas do poder. Quem quiser ver o vídeo completo acesse: https://m.facebook.com/story.php?story_fbid=pfbid02viuJUGxJyrDsTg1DqdPqayp8qVQCQEyWtvb21s8iTotW3N9bmW4sKYdhnmxqtNU6l&id=100055037892234","2022-10-11 19:40:40","990349261.0","2022-10-11","19:40:40"
"369751","This community was blocked in Brazil following a decision of the Superior Electoral Court (TSE).","2022-10-11 19:44:46","1515329365.0","2022-10-11","19:44:46"
"369761","Ele não precisa ir pra rua ele já tem a urna fraldada","2022-10-11 19:52:01","804813452.0","2022-10-11","19:52:01"
"369764","Exatamente","2022-10-11 19:52:47","804813452.0","2022-10-11","19:52:47"
"369771","Agora independente das urnas terem fraude esse bandido tem muita gente que vota nesse ladrão o povo brasileiro também se torna pior que ele","2022-10-11 19:56:31","804813452.0","2022-10-11","19:56:31"
"369775","Meu Deus, então o Luva de Pedreiro vai virar presidente? Ele tem também milhões de votantes","2022-10-11 20:01:17","508347289.0","2022-10-11","20:01:17"
"369776","*seguidores","2022-10-11 20:01:23","508347289.0","2022-10-11","20:01:23"
"369779","https://youtu.be/sIVth-74dR4","2022-10-11 20:04:10","1314192833.0","2022-10-11","20:04:10"
"369780","Brigas em postos de gasolina, filas de quilômetros, gasolina em pacotes: o cotidiano da crise do combustível na França. Imagine quando chegar a crise dos alimentos.","2022-10-11 20:08:27","1515329365.0","2022-10-11","20:08:27"
"369781","This community was blocked in Brazil following a decision of the Superior Electoral Court (TSE).","2022-10-11 20:09:18","1515329365.0","2022-10-11","20:09:18"
"369782","https://youtu.be/JJHlexZS4Lk","2022-10-11 20:09:59","1597117942.0","2022-10-11","20:09:59"
"369784","https://twitter.com/CarlosBolsonaro/status/1579879186361380864?t=52Mr5YQiqBuPguFqyFgLSQ&s=35","2022-10-11 20:11:22","5148712882.0","2022-10-11","20:11:22"
"369785","O pai da mentira não tá escondendo o Plano de Governo, ele fala todo dia na imprensa o que vai fazer!
Fique em cima do muro e vai descobrir como é morar na Venezuela!","2022-10-11 20:12:33","1567808499.0","2022-10-11","20:12:33"
"369786","URGENTE: Moraes cobra informações à PF sobre abordagem contra aliado de Renan em AL ☛ https://terrabrasilnoticias.com/2022/10/urgente-moraes-cobra-informacoes-a-pf-sobre-abordagem-contra-aliado-de-renan-em-al/","2022-10-11 20:13:49","1567808499.0","2022-10-11","20:13:49"
"369787","TSE dá três dias para PL de Bolsonaro explicar origens do financiamento de relatório que questiona urnas eletrônicas ☛ https://terrabrasilnoticias.com/2022/10/tse-da-tres-dias-para-pl-de-bolsonaro-explicar-origens-do-financiamento-de-relatorio-que-questiona-urnas-eletronicas/","2022-10-11 20:15:03","1567808499.0","2022-10-11","20:15:03"
"369789","Cansei disso e vou pregar contra Bolsonaro enquanto eu puder","2022-10-11 20:16:21","508347289.0","2022-10-11","20:16:21"
"369790","FINALMENTE, HACKERS ENTRAM EM CONTATO COM A RECORD, FAZEM AMEAÇA E PEDEM VALOR INACREDITÁVEL 
https://www.jornaldacidadeonline.com.br/noticias/42929/finalmente-hackers-entram-em-contato-com-a-record-fazem-ameaca-e-pedem-valor-inacreditavel 
Situação é gravíssima!","2022-10-11 20:16:24","1567808499.0","2022-10-11","20:16:24"
"369792","URGENTE: Moraes cobra informações à PF sobre abordagem contra aliado de Renan em AL ☛ https://terrabrasilnoticias.com/2022/10/urgente-moraes-cobra-informacoes-a-pf-sobre-abordagem-contra-aliado-de-renan-em-al/","2022-10-11 20:16:51","1515329365.0","2022-10-11","20:16:51"
"369793","TSE dá três dias para PL de Bolsonaro explicar origens do financiamento de relatório que questiona urnas eletrônicas ☛ https://terrabrasilnoticias.com/2022/10/tse-da-tres-dias-para-pl-de-bolsonaro-explicar-origens-do-financiamento-de-relatorio-que-questiona-urnas-eletronicas/","2022-10-11 20:16:51","1515329365.0","2022-10-11","20:16:51"
"369795","Venezuelana, que fugiu do regime ditatorial de Maduro, revela a emoção de receber o primeiro salário aqui no Brasil.

Lula e Maduro são irmãos siameses. O que Maduro faz com os seus é o que Lula quer implantar aqui. Fuja do Lula enquanto ainda existe tempo. Vote 22 pela garantia das liberdades!","2022-10-11 20:18:02","1567808499.0","2022-10-11","20:18:02"
"369825","🇩🇪 Creche ""gay/lésbica"" em Berlim? Teremos -> como conquista do progressismo na Alemanha. O mesmo progressismo que a esquerda defende (sim!) no Brasil.

Uma das premissas da creche é que a maioria dos funcionários, inclusive a sua direção sejam da comunidade #LGBT 

Faz algum sentido pra você?

Se o ex presidiário voltar, isso vai ser implantado no Brasil tb","2022-10-11 20:31:23","1567808499.0","2022-10-11","20:31:23"
"369870","This community was blocked in Brazil following a decision of the Superior Electoral Court (TSE).","2022-10-11 20:50:35","1515329365.0","2022-10-11","20:50:35"
"369826","https://www.facebook.com/1172463953/posts/10225689202874825/?flite=scwspnss&mibextid=wx9SN25LKydg897I","2022-10-11 20:31:45","1530885709.0","2022-10-11","20:31:45"
"369839","O PROBLEMA DO LULA NÃO É O BOLSONARO E SIM O APARATO MILITAR QUE TOMOU CONTA DO GOVERNO. 
SE TEM UMA COISA QUE FAZ COMUNISTA ESTREMECER ESSA COISA CHAMA-SE FORÇAS ARMADAS DOS BRASIL!
INTERVENÇÃO MILITAR SIM!
🇧🇷🇧🇷🇧🇷🇧🇷🚬🐍🚬🐍","2022-10-11 20:34:36","1515329365.0","2022-10-11","20:34:36"
"369841","https://www.jornaldacidadeonline.com.br/noticias/42925/o-equotsupremoequot-advogado-cristiano-zanin-pede-absurda-e-inconstitucional-equotcensura-previaequot-no-tse","2022-10-11 20:35:12","988435360.0","2022-10-11","20:35:12"
"369842","https://youtu.be/JkKwcT0IbrU","2022-10-11 20:36:14","1530885709.0","2022-10-11","20:36:14"
"369845","🇳🇮 Regime na Nicarágua - Para quem lê a Bíblia e entende o momento que estamos passando, sabemos que estamos no começo (princípio) das dores. A igreja sempre foi perseguida, isso é um fato. Todavia, esse é mais um sinal que devemos prestar a atenção. A volta do Senhor Jesus está próxima. 

Comunismo explícito","2022-10-11 20:36:53","1567808499.0","2022-10-11","20:36:53"
"369846","This community was blocked in Brazil following a decision of the Superior Electoral Court (TSE).","2022-10-11 20:37:23","1515329365.0","2022-10-11","20:37:23"
"369894","EX-MINISTRO DO SUPREMO  CONFESSA GOLPE POLÍTICO DO STF. 

O STF não é partido político e nem foi eleito para atuar politicamente. Entretanto a instituição, agora golpista, aplicou um golpe jurídico sem parâmetros na literatura jurídica para justificar com um argumento chulo, seu objetivo de ressuscitar e resgatar politicamente a candidatura do ladrão e presidiário, Luís Inácio Lula da Silva. 

É como se o STF lançasse seu candidato à presidência e atuasse como partido político e, sobretudo como entidade policial de repressão. Algo impensável em uma democracia constituída.

Marco Aurélio de Mello que não é juiz coisa nenhuma, é aquele mesmo ex-ministro do STF que pretendia soltar 50 mil presos das cadeias. 

Durante seu mandato, Mello distribuiu saídinhas de presídio para diversos traficantes e criminosos do país. Muitos destes criminosos sequer retornaram a cadeia.","2022-10-11 21:12:35","1567808499.0","2022-10-11","21:12:35"
"369847","Aconteceu Na LIVE Jornalista CHORA AO VIVO e Está Disposta A PERDER TUDO Só VENDO PRA ACREDITAR
👇👇👇👇👇🇧🇷🇧🇷🇧🇷 https://youtu.be/Iebw8dv1uJ0","2022-10-11 20:37:56","5206236308.0","2022-10-11","20:37:56"
"369848","O ""SUPREMO"" ADVOGADO CRISTIANO ZANIN PEDE ABSURDA E INCONSTITUCIONAL ""CENSURA PRÉVIA"" NO TSE 
https://www.jornaldacidadeonline.com.br/noticias/42925/o-equotsupremoequot-advogado-cristiano-zanin-pede-absurda-e-inconstitucional-equotcensura-previaequot-no-tse 
Perderam a noção e a vergonha...","2022-10-11 20:39:09","1567808499.0","2022-10-11","20:39:09"
"369856","É tempo de se posicionar! Quem não se posiciona acaba sendo posicionado e depois não poderá reclamar de que não foi avisado quando as ideologias da esquerda baterem a sua porta....","2022-10-11 20:42:45","1567808499.0","2022-10-11","20:42:45"
"369994","É uma provocação, a intenção é provocar perturbação social, pressão social e um eventual tropeço! Questione-se sobre como a Globo teria acesso a essa suposta informação e perceberá seu grau de confiabilidade. Isso não é matéria, é fanfiction.

Sabe quando 3 Generais, 2 de alto comando, vazariam informações sigilosas para um blog da globo? Traindo a hierarquia, a disciplina e o compromisso Constitucional? Nunca! Isso é uma ofensa as FFAA!","2022-10-11 21:49:50","692367694.0","2022-10-11","21:49:50"
"369857","Em sessão extraordinária, STJ vai analisar caso de governador de Alagoas ☛ https://terrabrasilnoticias.com/2022/10/em-sessao-extraordinaria-stj-vai-analisar-caso-de-governador-de-alagoas/","2022-10-11 20:44:23","1567808499.0","2022-10-11","20:44:23"
"369858","Padre é denunciado por instruir fiéis a não votarem no Lula ☛ https://terrabrasilnoticias.com/2022/10/padre-e-denunciado-por-instruir-fieis-a-nao-votarem-no-lula/","2022-10-11 20:45:02","1567808499.0","2022-10-11","20:45:02"
"369862","https://youtu.be/rtUdDSvwRZA","2022-10-11 20:49:47","1530885709.0","2022-10-11","20:49:47"
"369863","Live do ladrão","2022-10-11 20:49:59","1515329365.0","2022-10-11","20:49:59"
"369864","""ME XINGARAM O DIA TODO"", DIZ HOMEM CONTRATADO PARA FAZER CAMPANHA PARA LULA (VEJA O VÍDEO) 
https://www.jornaldacidadeonline.com.br/noticias/42919/equotme-xingaram-o-dia-todoequot-diz-homem-contratado-para-fazer-campanha-para-lula-veja-o-video 
“Sou trabalhador e estão me xingando… eu tenho culpa que esse cara aqui roubou?"", disse, apontando para a figura de Lula”.","2022-10-11 20:50:25","1259220073.0","2022-10-11","20:50:25"
"369865","LULA CONTINUA IMBATÍVEL NAS PENITENCIÁRIAS: DE CADA 5 PRESOS, 4 VOTARAM EM LULA 
https://www.jornaldacidadeonline.com.br/noticias/42917/lula-continua-imbativel-nas-penitenciarias-de-cada-5-presos-4-votaram-em-lula 
Lula lá!","2022-10-11 20:50:25","1259220073.0","2022-10-11","20:50:25"
"369866","NOVA POLÍTICA DA PETROBRAS CAUSA DESESPERO NA VELHA MÍDIA 
https://www.jornaldacidadeonline.com.br/noticias/42921/nova-politica-da-petrobras-causa-desespero-na-velha-midia 
Esse é o tal do 'jornalismo profissional'...","2022-10-11 20:50:25","1259220073.0","2022-10-11","20:50:25"
"369867","EQUILIBRADO, TRANQUILO E SERENO, TARCÍSIO VENCE O 1º DEBATE E CAMINHA PARA UMA VITÓRIA TRANQUILA 
https://www.jornaldacidadeonline.com.br/noticias/42928/equilibrado-tranquilo-e-sereno-tarcisio-vence-o-10-debate-e-caminha-para-uma-vitoria-tranquila 
Sem chances para o “poste”...","2022-10-11 20:50:25","1259220073.0","2022-10-11","20:50:25"
"369868","FINALMENTE, HACKERS ENTRAM EM CONTATO COM A RECORD, FAZEM AMEAÇA E PEDEM VALOR INACREDITÁVEL 
https://www.jornaldacidadeonline.com.br/noticias/42929/finalmente-hackers-entram-em-contato-com-a-record-fazem-ameaca-e-pedem-valor-inacreditavel 
Situação é gravíssima!","2022-10-11 20:50:25","1259220073.0","2022-10-11","20:50:25"
"369869","O ""SUPREMO"" ADVOGADO CRISTIANO ZANIN PEDE ABSURDA E INCONSTITUCIONAL ""CENSURA PRÉVIA"" NO TSE 
https://www.jornaldacidadeonline.com.br/noticias/42925/o-equotsupremoequot-advogado-cristiano-zanin-pede-absurda-e-inconstitucional-equotcensura-previaequot-no-tse 
Perderam a noção e a vergonha...","2022-10-11 20:50:25","1259220073.0","2022-10-11","20:50:25"
"369872","Com celeridade da Câmara em aprovar PL que barra pesquisas fraudulentas, marketing de Lula se preocupa: “vai ser votado hoje” ☛ https://terrabrasilnoticias.com/2022/10/com-celeridade-da-camara-em-aprovar-pl-que-barra-pesquisas-fraudulentas-marketing-de-lula-se-preocupa-vai-ser-votado-hoje/","2022-10-11 20:52:46","1567808499.0","2022-10-11","20:52:46"
"369873","This community was blocked in Brazil following a decision of the Superior Electoral Court (TSE).","2022-10-11 20:54:44","703090821.0","2022-10-11","20:54:44"
"369874","This community was blocked in Brazil following a decision of the Superior Electoral Court (TSE).","2022-10-11 20:55:00","703090821.0","2022-10-11","20:55:00"
"369875","This community was blocked in Brazil following a decision of the Superior Electoral Court (TSE).","2022-10-11 20:55:58","1515329365.0","2022-10-11","20:55:58"
"369876","This community was blocked in Brazil following a decision of the Superior Electoral Court (TSE).","2022-10-11 20:57:00","703090821.0","2022-10-11","20:57:00"
"369878","E querem desarmar a população !","2022-10-11 20:59:18","1567808499.0","2022-10-11","20:59:18"
"369879","This community was blocked in Brazil following a decision of the Superior Electoral Court (TSE).","2022-10-11 21:00:56","703090821.0","2022-10-11","21:00:56"
"369883","https://youtu.be/rDXGlPieIL4","2022-10-11 21:07:37","2011763779.0","2022-10-11","21:07:37"
"369899","https://youtu.be/ydomZOBnbKs","2022-10-11 21:15:07","1406914670.0","2022-10-11","21:15:07"
"369947","*Pardal registra quase 38 mil denúncias relativas às Eleições 2022*

https://portaltocanews.com.br/noticia/3280/pardal-registra-quase-38-mil-denuncias-relativas-as-eleicoes-2022","2022-10-11 21:21:11","5234574223.0","2022-10-11","21:21:11"
"369950","@admin","2022-10-11 21:23:19","5170111001.0","2022-10-11","21:23:19"
"369953","Reitores de universidades federais flagrados organizando atos públicos para desgastar o governo em época de eleição. Vale tudo para enganar o povo. Repasse com toda a força para que a população fique sabendo desse jogo sujo.","2022-10-11 21:23:26","1567808499.0","2022-10-11","21:23:26"
"369954","PGR pede para STF arquivar inquérito sobre denúncias contra Renan Calheiros em delação da Odebrecht  ☛ https://terrabrasilnoticias.com/2022/10/pgr-pede-para-stf-arquivar-inquerito-sobre-denuncias-contra-renan-calheiros-em-delacao-da-odebrecht/","2022-10-11 21:25:25","1567808499.0","2022-10-11","21:25:25"
"369963","É uma provocação, a intenção é provocar perturbação social, pressão social e um eventual tropeço! Questione-se sobre como a Globo teria acesso a essa suposta informação e perceberá seu grau de confiabilidade. Isso não é matéria, é fanfiction.

Sabe quando 3 Generais, 2 de alto comando, vazariam informações sigilosas para um blog da globo? Traindo a hierarquia, a disciplina e o compromisso Constitucional? Nunca! Isso é uma ofensa as FFAA!","2022-10-11 21:28:55","1515329365.0","2022-10-11","21:28:55"
"369966","É uma provocação, a intenção é provocar perturbação social, pressão social e um eventual tropeço! Questione-se sobre como a Globo teria acesso a essa suposta informação e perceberá seu grau de confiabilidade. Isso não é matéria, é fanfiction.

Sabe quando 3 Generais, 2 de alto comando, vazariam informações sigilosas para um blog da globo? Traindo a hierarquia, a disciplina e o compromisso Constitucional? Nunca! Isso é uma ofensa as FFAA!","2022-10-11 21:29:41","1515329365.0","2022-10-11","21:29:41"
"370008","Verdade 👍👏🏿👏🏿👏🏿","2022-10-11 22:00:13","1276982467.0","2022-10-11","22:00:13"
"369971","https://vm.tiktok.com/ZMFjykVuH/","2022-10-11 21:30:38","5469731950.0","2022-10-11","21:30:38"
"369972","Lula cancela a picanha! Kkk","2022-10-11 21:30:39","5469731950.0","2022-10-11","21:30:39"
"369973","https://www.jornaldacidadeonline.com.br/noticias/42926/jornalista-militante-entra-em-e39surtoe39-e-faz-ataques-insanos-e-criminosos-contra-o-presidente-bolsonaro-veja-o-video","2022-10-11 21:31:18","988435360.0","2022-10-11","21:31:18"
"369974","É uma provocação, a intenção é provocar perturbação social, pressão social e um eventual tropeço! Questione-se sobre como a Globo teria acesso a essa suposta informação e perceberá seu grau de confiabilidade. Isso não é matéria, é fanfiction.

Sabe quando 3 Generais, 2 de alto comando, vazariam informações sigilosas para um blog da globo? Traindo a hierarquia, a disciplina e o compromisso Constitucional? Nunca! Isso é uma ofensa as FFAA!","2022-10-11 21:31:23","1515329365.0","2022-10-11","21:31:23"
"369979","É uma provocação, a intenção é provocar perturbação social, pressão social e um eventual tropeço! Questione-se sobre como a Globo teria acesso a essa suposta informação e perceberá seu grau de confiabilidade. Isso não é matéria, é fanfiction.

Sabe quando 3 Generais, 2 de alto comando, vazariam informações sigilosas para um blog da globo? Traindo a hierarquia, a disciplina e o compromisso Constitucional? Nunca! Isso é uma ofensa as FFAA!","2022-10-11 21:32:28","1515329365.0","2022-10-11","21:32:28"
"369981","OS RESPONSÁVEIS DIRETOS PELA SOLTURA E CANDIDATURA DE LULA.


Edson Fachin, Luis Barroso, Alexandre de Moraes, Carmen Lucia, Ricardo Lewandowski, Dias Toffoli, Gilmar Mendes, Luis Fux e Rosa Weber.

Esses são os responsáveis diretos pelas trapaças jurídicas que permitiram a soltura do presidiário Lula, por sua candidatura à presidência e também por crimes e traições contra a Pátria, e sobretudo, pelas fraudes que há anos enganam o povo brasileiro.

Vacinação, fraudes, genocídio, estelionatos, corrupção, tirania judiciária, aborto, agenda 2030, impunidade, prevaricação e violações das Leis civis, constitucionais e dos direitos humanos.

Não se esqueçam desta escória nojenta, traidora, demoníaca e criminosa se o circo pegar fogo. Hora de drenar e incendiar o pântano!","2022-10-11 21:33:55","1567808499.0","2022-10-11","21:33:55"
"369985","https://youtu.be/vzP4N8LzWjU","2022-10-11 21:34:21","1597117942.0","2022-10-11","21:34:21"
"369990","O FUTURO DO BRASIL DE LULA.

O churrasco na lage e nas coberturas de luxo serão servidos com carne de rato, carne de cachorro, de gato e de pombos.

Na Venezuela, na Bolívia e na Argentina, os animais domésticos e os roedores estão sendo devorados pela população destes países.

Fome, miséria e desgraça são sinônimos do socialismo.

Quando não houver mais animais e lixos para comerem, os miseráveis irão disputar a carne de cadáveres e de defuntos.  Será como na Ucrânia, durante os horrores do Holodomor.

É este tipo de regime que o STF, TSE, partidos de esquerda , o ex presidiário e a Rede Globo querem para o país.","2022-10-11 21:40:23","1567808499.0","2022-10-11","21:40:23"
"369992","Emocionante: Em Pelotas multidão canta ”capitão do povo” junto com Bolsonaro,  VEJA VÍDEO ☛ https://terrabrasilnoticias.com/2022/10/emocionante-em-pelotas-multidao-canta-capitao-do-povo-junto-com-bolsonaro-veja-video/","2022-10-11 21:42:22","1567808499.0","2022-10-11","21:42:22"
"369993","Vídeo de Magna","2022-10-11 21:46:03","1588083332.0","2022-10-11","21:46:03"
"369996","This community was blocked in Brazil following a decision of the Superior Electoral Court (TSE).","2022-10-11 21:50:06","1515329365.0","2022-10-11","21:50:06"
"369997","Essa página tá infestada de petistas","2022-10-11 21:50:26","1276982467.0","2022-10-11","21:50:26"
"369999","Em gravação, operador do esquema diz que Paulo Dantas e pai sabiam  ☛ https://terrabrasilnoticias.com/2022/10/em-gravacao-operador-do-esquema-diz-que-paulo-dantas-e-pai-sabiam/","2022-10-11 21:53:16","1567808499.0","2022-10-11","21:53:16"
"370006","Só replicando fake para tentar nos desmotiva isso tá dando certo mas pra nós patriotas de verdade trabalhar mais para reeleição de JB","2022-10-11 21:56:58","1276982467.0","2022-10-11","21:56:58"
"370014","Tamo junto ...Bora Biu","2022-10-11 22:09:17","1468327703.0","2022-10-11","22:09:17"
"370021","Traficantes ameaçam moradores de favelas do Rio para que votem no chefe.","2022-10-11 22:11:15","1567808499.0","2022-10-11","22:11:15"
"370026","Lista dos Impostos Zerados ou Reduzidos de 2019 a 2022
https://bit.ly/3S6gZPN
😁👍 SE A MÍDIA NAO MOSTRA, É NOSSA OBRIGAÇÃO EXPOR OS FATOS","2022-10-11 22:13:15","1149354658.0","2022-10-11","22:13:15"
"370046","Então não é cristão. Não existe meio termo 🙌🏻🇧🇷","2022-10-11 22:24:52","1567808499.0","2022-10-11","22:24:52"
"370048","O PROBLEMA DO LULA NÃO É O BOLSONARO E SIM O APARATO MILITAR QUE TOMOU CONTA DO GOVERNO. 
SE TEM UMA COISA QUE FAZ COMUNISTA ESTREMECER ESSA COISA CHAMA-SE FORÇAS ARMADAS DOS BRASIL!
INTERVENÇÃO MILITAR SIM!
🇧🇷🇧🇷🇧🇷🇧🇷🚬🐍🚬🐍","2022-10-11 22:27:22","692367694.0","2022-10-11","22:27:22"
"370053","Vejam o índice de vidas salvas.
🇧🇷Clique no link :    ➘  ➘  ➘ 
╰─►Canal @direitainteligenteoficial","2022-10-11 22:31:43","5630621604.0","2022-10-11","22:31:43"
"370057","Respeito sua posição! 
Mas no momento é hora de unirmos as forças. 
Muitas pessoas estão voltadas a Bolsonaro, por suas religiões, seja qual for. Pois não querem que o ex presidiário acabe com os princípios da família e a religião. 
Pode ter certeza que a maior parte não absorveu o que está por detrás disso. Muitos nem sabem o que é o comunismo, ou como está sendo implantado no mundo. 
O povo está despertando, e com tempo e paciência o entendimento vai sendo maior. 
🙌🏻🇧🇷🇧🇷","2022-10-11 22:33:53","1567808499.0","2022-10-11","22:33:53"
"370058","https://www.youtube.com/watch?v=pYAgisD8KwA","2022-10-11 22:34:39","896922597.0","2022-10-11","22:34:39"
"370062","EMPRESA INTERNACIONAL INICIA EXPANSÃO E CHEGA AO INTERIOR DO RS PARA REVOLUCIONAR O SETOR DO AGRO
https://www.jornaldacidadeonline.com.br/noticias/42816/empresa-internacional-inicia-expansao-e-chega-ao-interior-do-rs-para-revolucionar-o-setor-do-agro
Uma empresa global com DNA brasileiro.","2022-10-11 22:35:44","1567808499.0","2022-10-11","22:35:44"
"370063","https://www.folhadestra.com/tarcisio-a-era-de-tratar-bandido-como-parceiro-vai-acabar/","2022-10-11 22:38:23","2038462147.0","2022-10-11","22:38:23"
"370065","Preço da gasolina cai 8,07% e, do etanol, 10,90% na região Sudeste ☛ https://terrabrasilnoticias.com/2022/10/preco-da-gasolina-cai-807-e-do-etanol-1090-na-regiao-sudeste/","2022-10-11 22:40:07","1567808499.0","2022-10-11","22:40:07"
"370066","Jornal da Cidade Online, [10 de out de 2022 às 10:19]
PARA O TERROR DO PT, GOVERNO ANUNCIA REDUÇÃO DE PREÇO NA CONTA DE LUZ (VEJA O VÍDEO) 
https://www.jornaldacidadeonline.com.br/noticias/42843/para-o-terror-do-pt-governo-anuncia-reducao-de-preco-na-conta-de-luz-veja-o-video 
É fundamental que esse trabalho prossiga...
https://t.me/jornaldacidadeonline/23178","2022-10-11 22:41:53","1567808499.0","2022-10-11","22:41:53"
"370068","https://youtu.be/wUt8Kns-tn0","2022-10-11 22:43:58","1530885709.0","2022-10-11","22:43:58"
"370071","https://vm.tiktok.com/ZMFjfuP7T/","2022-10-11 22:45:01","716849925.0","2022-10-11","22:45:01"
"370073","This community was blocked in Brazil following a decision of the Superior Electoral Court (TSE).","2022-10-11 22:45:41","703090821.0","2022-10-11","22:45:41"
"370078","Agenda 2030 a todo vapor 🤡🤡🤡🤬🤬🤬🤬🤮🤮🤮🤮","2022-10-11 22:54:02","1567808499.0","2022-10-11","22:54:02"
"370081","Deputado Nikolas","2022-10-11 23:00:39","1619052148.0","2022-10-11","23:00:39"
"370083","Sim😔","2022-10-11 23:01:59","1619052148.0","2022-10-11","23:01:59"
"370084","UM DOS HOMENS MAIS RESPEITADOS DO BRASIL DESAFIA O ""SISTEMA"" E DECLARA APOIO A BOLSONARO (VEJA O VÍDEO)
https://www.jornaldacidadeonline.com.br/noticias/42874/um-dos-homens-mais-respeitados-do-brasil-desafia-o-equotsistemaequot-e-declara-apoio-a-bolsonaro-veja-o-video
Campanha de Bolsonaro crescendo de maneira avassaladora.","2022-10-11 23:04:38","1567808499.0","2022-10-11","23:04:38"
"370086","O PT quer corromper a família através das nossas crianças!
Se o ex-presidiário voltar, esse tipo de gente vai cuidar dos seus filhos nas escolas!

Pelo bem do Brasil, dia 30 de outubro vote 22!","2022-10-11 23:05:32","1567808499.0","2022-10-11","23:05:32"
"370090","FUGA DO SOCIALISMO E AJUDA HUMANITÁRIA DO BRASIL:

Boa Vista (RR) - Nesta segunda-feira, 10 de outubro, a Operação Acolhida iniciou a ‘Semana da Criança’ com uma programação muito especial, envolvendo todos os abrigos e garantindo assim, conforto e atenção especial às crianças.

Cerca de 30% da população venezuelana acolhida pelo Brasil é criança. Cada uma delas nos toca com sua pureza e sua simplicidade.","2022-10-11 23:11:58","1567808499.0","2022-10-11","23:11:58"
"370091","Sempre, independente de hoje ser presidente, sempre lutou pelos princípios da família 👍🏻🇧🇷🇧🇷","2022-10-11 23:16:27","1567808499.0","2022-10-11","23:16:27"
"370092","🇧🇷 A camisa do ano! 😍💚💛 - Aproveitem enquanto ainda está disponível! A camisa mais comprada do ano! Tá todo mundo comprando!! Garanta já a sua! 🇧🇷

Comprem na Loja Oficial abaixo: 👇🏻

https://voozoom.com.br/products/lojaoficial-camisa-patriota-brasil-2022

🚚🇧🇷 FRETE GRÁTIS PARA TODO O BRASIL (Envio Imediato!) 🚚🇧🇷","2022-10-11 23:23:27","2134820471.0","2022-10-11","23:23:27"
"370093","https://voozoom.com.br/products/lojaoficial-camisa-patriota-brasil-2022","2022-10-11 23:23:27","2134820471.0","2022-10-11","23:23:27"
"370097","DOSSIÊ IPEC: PF, CALHEIROS, LEMANN E MILITÂNCIA NAS REDES SOCIAIS
https://youtu.be/g0S-ZBF0syw","2022-10-11 23:33:30","202065602.0","2022-10-11","23:33:30"
"370101","Essa Globolixo está comendo na mão do Bolsonaro. Estão pianinhos, a concessão deles acabou. Mas não se iludam, é só por conveniência 🤮🤮🤮","2022-10-11 23:45:49","1567808499.0","2022-10-11","23:45:49"
"370102","Vídeo de Valdir","2022-10-11 23:47:56","1511648924.0","2022-10-11","23:47:56"
"370104","O jogo do PT é sujo e se você não ficar atento, vai ser atropelado pelas artimanhas do inimigo. Não dé ouvidos a quem só quer de volta a mamata que perdeu.

Fiquem firmes!!!!","2022-10-11 23:50:36","1567808499.0","2022-10-11","23:50:36"
"370105","https://www.instagram.com/reel/CjlxQmcPEnH/?igshid=MDJmNzVkMjY=","2022-10-11 23:51:12","776270196.0","2022-10-11","23:51:12"
"370106","Deputados do PT acionam PGR contra Damares após fala sobre estupro de crianças ☛ https://terrabrasilnoticias.com/2022/10/deputados-do-pt-acionam-pgr-contra-damares-apos-fala-sobre-estupro-de-criancas/","2022-10-11 23:52:04","1567808499.0","2022-10-11","23:52:04"
"370107","É Sério ??? 🙄🙄🙄🙄","2022-10-11 23:53:12","2141373771.0","2022-10-11","23:53:12"
"370108","https://youtu.be/Dm2odmdzhrQ","2022-10-11 23:53:31","2011763779.0","2022-10-11","23:53:31"
"370111","E Sério  ? Chega Mesmo???","2022-10-11 23:55:39","2141373771.0","2022-10-11","23:55:39"
"370113","A esquerda é podre demais. Janones, aliado de Lula e apoiadores de Lula passar a tarde fabricando mentiras contra o Nikolas.
Mentira após mentira caíram por terra. 

Compartilhem! 
Várias pessoas que votariam no Lula estão acordando e vendo o que esses caras são realmente.","2022-10-11 23:59:05","1436915022.0","2022-10-11","23:59:05"
