"message_id","message","message_utc","from_id","date","time"
"389","https://www.youtube.com/watch?v=5X0ZoKeusLA","2022-11-05 22:20:28","1440364324","2022-11-05","22:20:28"
"390","Flat Earth Proofs  29 Reasons to Question Your World (Full Documentary)","2022-11-05 22:24:00","1440364324","2022-11-05","22:24:00"
"391","https://www.youtube.com/watch?v=g5eOv1CdQEQ","2022-11-05 22:26:54","1440364324","2022-11-05","22:26:54"
"392","Flat Earth End of Days 🕚 Full Documentary (2017)","2022-11-05 22:41:43","1440364324","2022-11-05","22:41:43"
