"message_id","message","message_utc","from_id","date","time"
"20516","GOOOOOOOLPE!!!
GOOOOOOOLPE!!!
GOOOOOOOLPE!!!
INTEGRANTES DO MST, VESTIDOS COM CAMISAS DO BRASIL, FORAM CONVIDADOS A ENTRAR NO SENADO BRASILEIRO, SEM NENHUMA RESISTÊNCIA POR PARTE DA SEGURANÇA. 
CAVALO DE TRÓIA COMUNISTA!!!
ESSE POVO NÃO É PATRIOTA!!!
INTEGRANTES DO MST SE FAZENDO DE CORDEIROS E DEPOIS ELES VÃO QUEBRAR TUDO E COLOCAR NA CONTA DO PRESIDENTE, ACUSANDO ELE DE GOLPE!!! ESTÃO TENTANDO DE TUDO PARA PRENDER O PRESIDENTE E ACUSÁ-LO MUNDIALMENTE DE GOLPE!!!
COMPARTILHEM!!!
COMPARTILHEM!!!
COMPARTILHEM!!!","2022-12-01 00:24:48","443731443.0","2022-12-01","00:24:48"
"20538","a aranha","2022-12-01 02:28:18","1369863686.0","2022-12-01","02:28:18"
"20539","Cidade chinesa anuncia reabertura de vários distritos após nova noite de protestos
https://www.gazetadopovo.com.br/mundo/cidade-chinesa-anuncia-reabertura-de-varios-distritos-apos-nova-noite-de-protestos/

Siga-nos
t.me/apocalipserd","2022-12-01 02:30:11","777083306.0","2022-12-01","02:30:11"
"20514","🌩

🇧🇷🇧🇷🇧🇷🇧🇷🪖🥾🪖🥾🪖","2022-12-01 00:08:18","443731443.0","2022-12-01","00:08:18"
"20515","Criação de ""força nacional"", com a desculpa que for (nesse caso o meio ambiente), é apenas um pretexto para ter um exército particular. E vcs sabem o que pretendem os criminosos com um exército particular...","2022-12-01 00:17:33","777083306.0","2022-12-01","00:17:33"
"20517","Vamos começar com coisas menores😁
https://kwai-video.com/p/MJC168Xf","2022-12-01 00:28:44","1973966338.0","2022-12-01","00:28:44"
"20518","https://www.google.com/amp/s/www.metropoles.com/colunas/guilherme-amado/arthur-lira-nao-vai-instalar-cpi-do-abuso-de-autoridade%3famp","2022-12-01 00:33:10","443731443.0","2022-12-01","00:33:10"
"20519","https://t.me/olivroenoque","2022-12-01 00:35:59","1427669846.0","2022-12-01","00:35:59"
"20520","Esta notícia me deixa triste!
https://kwai-video.com/p/Cb5eE6kD","2022-12-01 00:36:34","1973966338.0","2022-12-01","00:36:34"
"20521","Quando vier a grande calamidade, e a grave crise mundial chegar ao ápice, nossos maiores inimigos não serão os Globalistas e sim, pessoas normais, da nossa rua, bairro e cidade, com as mentes totalmente manipuladas, hipnotizadas e idiotizadas. Essas pessoas serão nossos maiores inimigos. Quanto mais tentar acordar essa gente, maior será o ódio que e elas terão de nós, até chegar ao nível de uma fúria animalesca e irracional, com sede de sangue. Por fim, essas ""pessoas civilizadas"" vão devorar umas às outras.","2022-12-01 00:37:42","1288210546.0","2022-12-01","00:37:42"
"20522","Quando vier a grande calamidade, e a grave crise mundial chegar ao ápice, nossos maiores inimigos não serão os Globalistas e sim, pessoas normais, da nossa rua, bairro e cidade, com as mentes totalmente manipuladas, hipnotizadas e idiotizadas. Essas pessoas serão nossos maiores inimigos. Quanto mais tentar acordar essa gente, maior será o ódio que e elas terão de nós, até chegar ao nível de uma fúria animalesca e irracional, com sede de sangue. Por fim, essas ""pessoas civilizadas"" vão devorar umas às outras.","2022-12-01 00:45:50","777083306.0","2022-12-01","00:45:50"
"20523","Nossaaaa, os ATAQUES estão cada vez mais diretos!","2022-12-01 00:48:55","777083306.0","2022-12-01","00:48:55"
"20524","Lamentável. A fé depositada em tudo aquilo que se foi doutrinado, em intitulados ""especialistas"", em declaradas ""autoridades"", no Estado e em organismos midiáticos invariavelmente torna o indivíduo amplamente susceptível a ser induzido, manipulado, ludibriado e controlado.

OPR.

SIGA, CURTA E COMPARTILHE ⤵️
https://t.me/+sp08PZNmaSY1Zjcx","2022-12-01 00:59:00","1427669846.0","2022-12-01","00:59:00"
"20526","Filme foda S2","2022-12-01 01:05:04","635153711.0","2022-12-01","01:05:04"
"20593","Mutação cada vez mais real 🤦🏻🤦🏻🤦🏻🤦🏻","2022-12-01 11:55:13","5177840919.0","2022-12-01","11:55:13"
"20527","https://youtu.be/H7rUrtxCCsE","2022-12-01 01:05:35","1415720574.0","2022-12-01","01:05:35"
"20528","Saved by @InstantMediaBot

Essa é a visão que Deus me mostrou para o Brasil.
Muito obrigado por assistir este vídeo | Subscreva-se neste canal. DEUS ABENÇOE
Igreja Ministério De Avivamento Espiritual, localiza-se no ( Bairro Patrice Lumumba-Rua ''A'', MATOLA-MAPUTO-MOÇAMBIQUE ). Info: +258 87 587 3144/WhatsApp +258 84 231 2147
...........................................................
ENCONTRE-NOS EM | FIND US ON 
FACEBOOK: https://web.facebook.com/IgrejaMinisterioDeAvivamentoEspiritual/?ref=bookmarks

INSTAGRAM: https://www.instagram.com/nataniellitsure
#profetanataniellitsure #nataniellitsureministries #imae","2022-12-01 01:06:30","1965706498.0","2022-12-01","01:06:30"
"20531","Londres hoje !!

O mundo apoiando o Brasil🇧🇷","2022-12-01 01:08:31","777083306.0","2022-12-01","01:08:31"
"20532","https://youtu.be/bqkVJwm7O1U","2022-12-01 01:10:00","2011342135.0","2022-12-01","01:10:00"
"20533","🌩

🇧🇷🇧🇷🇧🇷🇧🇷🇧🇷🇧🇷🪖🥾

Observem o celular do parlamentar lá atrás. 🪖🪖🐆

Ampliem a imagem!!

Pra quem quiser olhar no vídeo oficial da TV Senado é no momento 10:24:12 da live gravada.","2022-12-01 01:14:48","777083306.0","2022-12-01","01:14:48"
"20534","O vírus e tão contagioso... mas tão contagioso... 

Que no país onde tudo começou até quem faz as máscaras e testes não tem a menor preocupação em se proteger.
Sorria... você sempre foi enganado! 🤡

Mas #fiqueemcasa viu? 
Mantenha todas as doses da picadinha experimental em dia e por último... Iv3rm3ctin@ não funciona tá?! 😡

Instale o Telegram e junte se a nós na distribuição de informações e verdades! 🇧🇷📖🙌🏼
t.me/averdadeaqualquerpreco","2022-12-01 02:14:45","1369863686.0","2022-12-01","02:14:45"
"20536","GRAVE! O TSE precisa rebater ou confirmar estas informações. Os contratos de terceirizados estariam mesmo desaparecendo? E a estratégia de se utilizar a litigância de má fé está mesmo ocorrendo desde 2015? São perguntas e não afirmações.","2022-12-01 02:22:01","777083306.0","2022-12-01","02:22:01"
"20537","O que acontece hoje na China os cidadãos tentam se rebelar contra um governo tirano, que usa das táticas mais brutais para controlar a população, com agentes fiéis do partido, aliado com uma tecnologia de ponta, o povo luta e tenta se livrar desse governo que colocou sua população em quarentena nos últimos 3 anos, aumentando inclusive o suicídio no país.
Os chineses cantam que querem ser livres. Essa foi a maior manifestação que aconteceu no país, desde o Massacre da Paz Celestial em 1989, onde o exército atirou nos estudantes pondo fim a manifestação.","2022-12-01 02:25:31","777083306.0","2022-12-01","02:25:31"
"20594","O bilionário Elon Musk disse ontem a noite que a Neuralink deve começar testes em humanos em seis meses

Elon Musk espera que o implante cerebral da Neuralink devolva a visão para os cegos (mesmo os de nascença) e restaure habilidades motoras para tetraplégicos, devolvendo os movimentos mesmo com a medula danificada, sendo assim, o chip contornaria os problemas na medula espinhal.

SIGA, CURTA E COMPARTILHE ⤵️
https://t.me/+sp08PZNmaSY1Zjcx","2022-12-01 12:02:45","1427669846.0","2022-12-01","12:02:45"
"20540","Saved by @InstantMediaBot

Cidade chinesa anuncia reabertura de vários distritos após nova noite de protestos (1)
Diversos manifestantes em Guangzhou entraram em confronto com policiais na terça-feira (29), de acordo com vídeos postados nas redes sociais.","2022-12-01 02:30:23","1965706498.0","2022-12-01","02:30:23"
"20541","Instale o Telegram e junte se a nós na distribuição de informações e verdades! 🇧🇷📖🙌🏼
t.me/averdadeaqualquerpreco","2022-12-01 02:34:03","1369863686.0","2022-12-01","02:34:03"
"20542","😱 AGORA PODEMOS SER INCRIMINADOS E PRESOS

@ZUMBINOTICIAS","2022-12-01 02:37:21","1369863686.0","2022-12-01","02:37:21"
"20543","💉💉💉💉💉💉💉💉💉💉

@OFOFOQUEIRO","2022-12-01 02:37:50","1369863686.0","2022-12-01","02:37:50"
"20601","Booaaaaa","2022-12-01 13:17:12","1013859532.0","2022-12-01","13:17:12"
"20544","🚨Lula avisa ao MDB que quer diplomação em 12 dezembro.

PORQUE A PRESSA CARA 😝

@ZUMBINOTICIAS","2022-12-01 02:38:46","1369863686.0","2022-12-01","02:38:46"
"20545","🇨🇳O PCC colocou as crianças para fazer o trabalho sujo 👀

t.me/apocalipserd","2022-12-01 02:41:40","777083306.0","2022-12-01","02:41:40"
"20546","BAHIA VOLTA EXIGIR COMPROVANTE DE VACINAÇÃO e
a OBRIGAR USO DE MÁSCARAS...

O decreto determina a volta da obrigatoriedade da apresentação de comprovante de vacinação da COVID em prédios públicos

https://revistaoeste.com/politica/bahia-volta-a-obrigar-uso-de-mascaras-e-exigir-comprovante-de-vacinacao/

@ZUMBINOTICIAS","2022-12-01 02:42:59","1369863686.0","2022-12-01","02:42:59"
"20547","Tudo dentro das 4 linhas!

t.me/apocalipserd","2022-12-01 02:43:43","777083306.0","2022-12-01","02:43:43"
"20548","Universidade Johns Hopkins: Aqueles que recusam a vacina podem ser vacinados com um teste de PCR

Universidade Johns Hopkins desenvou uma nova tecnologia que possibilita uma vacinação secreta junto com o teste de PCR. 
Informação confirmada pela Dra. Carrie Majed.

Saiba mais sobre a matéria:

https://paginajournal.com/universidade-johns-hopkins-aqueles-que-recusam-a-vacina-podem-ser-vacinados-com-um-teste-de-pcr/

@ZUMBINOTICIAS","2022-12-01 02:45:13","1369863686.0","2022-12-01","02:45:13"
"20549","TÁ NA CARA QUE ESSA PICADA É A MARCA. PORQUE MUITOS IMUNIZADOS ESTÃO VENDO DEMÔNIOS ANTES DE MORRER. ALGUNS JÁ ESTÃO VIRANDO ZUMBIS. E OUTROS ESTÃO CAINDO ENDEMONIADOS NAS IGREJAS. QUEM DIZ QUE VACINA NÃO É A MARCA.. É PORQUE JÁ PROVOU DO VENENO DE SATANÁS 💉👺

@ZUMBINOTICIAS","2022-12-01 02:46:25","1369863686.0","2022-12-01","02:46:25"
"20550","A polícia realizou 91 buscas domiciliares e interrogatórios em toda a Alemanha hoje sobre ""postagens de ódio"" na Internet.

 https://www.bka.de/DE/Presse/Listenseite_Pressemitteilungen/2022/Presse2022/221130_Hasspostings.html

Siga-nos
t.me/apocalipserd","2022-12-01 02:47:59","777083306.0","2022-12-01","02:47:59"
"20551","O MAIS BRABO DE TODOS, DEP. SARGENTO FAHUR 😎😎👏

""Derrubaram meu facebook, eu falei um monte de m*rda, mas não lembro o que"" kkkk🇧🇷🇧🇷

http://t.me/apocalipserd","2022-12-01 02:50:59","777083306.0","2022-12-01","02:50:59"
"20552","Sos Brasil 🇧🇷

t.me/apocalipserd","2022-12-01 02:52:02","777083306.0","2022-12-01","02:52:02"
"20553","🇷🇺🛢 Vê Sem Problema?  UE pode enfrentar crise de diesel em meio a sanções anti-russas

 A União Europeia pode enfrentar uma crise de diesel devido às sanções impostas à Rússia, já que cortará as importações marítimas de diesel russo a partir de 5 de fevereiro.

 As sanções energéticas contra a Rússia tiveram um efeito indireto nas economias europeias.  A economia britânica enfrenta a inflação.  Os estados da UE também estão enfrentando o aumento dos preços e da inflação.

https://telegra.ph/See-No-Problem-EU-May-Face-Diesel-Crisis-Amid-Anti-Russian-Sanctions-11-30

Siga-nos
t.me/apocalipserd","2022-12-01 02:54:05","777083306.0","2022-12-01","02:54:05"
"20554","Enquanto isso, em algum lugar da França, algumas pessoas oprimidas decidem abrir as portas de um ônibus para ajudar os passageiros com suas bagagens.

t.me/apocalipserd","2022-12-01 02:55:46","777083306.0","2022-12-01","02:55:46"
"20556","ELE VIU O DEMÔNIO VINDO BUSCAR SUA ALMA E O ESPÍRITO AINDA ABRIU A PORTA. MACABRO 😱🔥

@ZUMBINOTICIAS","2022-12-01 03:00:05","1369863686.0","2022-12-01","03:00:05"
"20557","Observem o movimento em círculo ao redor do ritual 👆🏼

Um ritual foi gravado em Atlanta, Georgia.

SE INSCREVAM EM NOSSO CANAL E COMPARTILHEM!

Link do nosso Canal 👇🏼

https://t.me/+S2BxQVVR26QGChIf

Atalaia Do Salvador dos Últimos Tempos","2022-12-01 03:03:18","777083306.0","2022-12-01","03:03:18"
"20559","Observem o movimento em círculo ao redor do ritual 👆🏼

Um ritual foi gravado em Atlanta, Georgia.

SE INSCREVAM EM NOSSO CANAL E COMPARTILHEM!

Link do nosso Canal 👇🏼

https://t.me/+S2BxQVVR26QGChIf

Atalaia Do Salvador dos Últimos Tempos","2022-12-01 03:09:22","1369863686.0","2022-12-01","03:09:22"
"20602","Tá se fazendo seu asno","2022-12-01 13:17:33","1013859532.0","2022-12-01","13:17:33"
"20561","🇮🇹 Cina — Stupro di Regime

Donna viene immobilizzata con violenza dalla polizia, e le viene introdotto a forza nel corpo il tampone anale per il ""virus"".

E le persone restano a guardare

🇺🇸 China — Regime rape

Woman is forcibly restrained by the police, and gets the anal swab for the ""virus"" forced into her body.

And people just keep watching
——————————————
📡Vai a ControNews
🎙Entra in Chat
⚡️Articoli Principali
⚡️Indice Generale
🚨Sintonizzati sul SEGNALE","2022-12-01 03:13:05","777083306.0","2022-12-01","03:13:05"
"20563","MANUAL DE SOBREVIVÊNCIA DO CONSERVADOR PATRIOTA 
1. Trabalhe duro e não desista dos seus sonhos; 
2. Não saiam do Brasil. Lute para retomar o que nos foi roubado. O Brasil é rico e é nosso; 
3. Não percam de vista os valores: Deus, Pátria, Família, Vida, Liberdade; 
5. Seja honesto e íntegro, mas também leiam e entendam o Príncipe de Maquiavel/Arte da Guerra e ponham em prática;
6. Dependa o mínimo possível do estado democrático de direito, e assuma sempre a premissa de que ele está ilegítimo;
7. As más companhias corrompem os bons costumes (sobretudo os infiltrados e os oportunistas); 
8. Seja luz para o mundo e exemplo para sua família;
9. Reconheçam a legitimidade das instituições, mas execrem os maus que ocupam os cargos nelas;
10. Não se joga xadrez com quem não respeita as regras do jogo. Meta o tabuleiro na cabeça, ao invés; 
11. Não é bloqueando estradas que você vai combater o sistema, mas sim, protestando na frente dos quartéis. Bloquear as estradas você prejudica a economia e mata o povo de fome, mas indo pra porta dos quartéis vocês irritam os inimigos, e para Sun Tzu, inimigo irritado é inimigo negligente com ele mesmo; 
12. Numa guerra, quanto mais falanges de apoio tiver um batalhão do exército, melhor. O fato de esmorecer porque as FFAAs estão demorando para agir é uma estratégia favorável ao inimigo. Não dependa totalmente do exército, mas seja uma falange forte o suficiente para dar legitimidade à decisão de quem ainda manda nela: o presidente Bolsonaro. 
13. Leiam livros substanciais o quanto puderem para debelarem os efeitos colaterais do paulofreirianismo.
14. Não permitam que influencers de YouTube lhes digam o que vocês têm que fazer. Nem todos eles estão engajados os nossos propósitos, mas pelos interesses deles. Apenas examinem todas as coisas e retêm o que é bom; 
15. Guardem o sábado e vão para igreja. Nesse dia, tirem o dia para fazer o bem;
16. Ao convencer alguém, faça sem forçar a barra e sem fazer proselitismo. Faça através de bons exemplos. Nas comunidades da periferia existem pessoas sem informações e sem assistência. Participe de ações de caridade nelas, sobretudo nos territórios dominados pelo lulo-petismo; 
17. Ao invés de atacar quem não concorda em 100% com suas idéias, procure pontos de convergência.  
18. O nosso inimigo rouba a eleição e diz que nós, que não aceitamos ser roubados, devemos ser tratados como criminosos. Estamos empatados. Nós também não queremos dialogo com bandidos. Se não há diálogo, tem que haver luta porque a luta faz a lei.
19. Ocupem todos os espaços possíveis em debates.
20. Não dêem ouvidos à fake news ou fofocas irrelevantes. 
21. Desliguem a televisão. 
22. Eduquem e monitorem o aprendizado dos seus filhos.
23. É urgente ter paciência.","2022-12-01 03:19:27","777083306.0","2022-12-01","03:19:27"
"20564","O fim da propriedade privada?

(Me desculpem) TEU CU, LULA!

Siga 👉 https://t.me/+LPb0mw6lA_c2YmRh","2022-12-01 03:33:40","1369863686.0","2022-12-01","03:33:40"
"20566","👆  COMEÇOU VENEZUELA E AQUI","2022-12-01 03:36:13","1369863686.0","2022-12-01","03:36:13"
"20568","https://t.me/Evidenciass
Grupo focado em evidências contra nova ordem mundial,unidos somos mais fortes.","2022-12-01 05:07:52","","2022-12-01","05:07:52"
"20571","Todos seguem as mesmas doutrinas e protocolos foram emburrecidos muitos parecem parasitas.","2022-12-01 05:20:17","","2022-12-01","05:20:17"
"20573","Hey there Daiane, and welcome to O conhecimento é o caminho para a liberdade.! How are you?","2022-12-01 05:25:51","609517172.0","2022-12-01","05:25:51"
"20574","Consequências das doutrinação","2022-12-01 05:26:01","","2022-12-01","05:26:01"
"20575","I'm ok. Thanks.","2022-12-01 05:26:25","1536458975.0","2022-12-01","05:26:25"
"20581","🇺🇸 Nova York 
A situação do mundo, alcançou níveis apocalípticos em relação a imoralidade. 
É terrível, mas saiba que o mundo está desabando.","2022-12-01 05:44:06","","2022-12-01","05:44:06"
"20577","🇨🇳👿🇨🇳👿🇧🇷🧐

Direto da china pro nariz dos COVIDIOTAS. Sem luvas! Sem máscara! Mas com total certeza de garantia 🙊💸🧬🧪💉🩹

https://t.me/Evidenciass
Grupo focado em evidências contra nova ordem mundial,unidos somos mais fortes.","2022-12-01 05:33:38","","2022-12-01","05:33:38"
"20580","Balenciaga parece que perderá muitos clientes dessa vez...","2022-12-01 05:43:12","","2022-12-01","05:43:12"
"20582","🇨🇳 A loucura não tem limites...","2022-12-01 05:44:25","","2022-12-01","05:44:25"
"20583","🇨🇳 — Hoje à noite, 30 de novembro de 2022, cerca de 300 a 500 ativistas de minorias étnicas e regionais chinesas se reuniram em frente à estação de metrô Shinjuku, em Tóquio, capital do Japão, para protestar a favor da revolta popular que acontece na China contra os bloqueios do Covid19 impostos pelo governo da China.","2022-12-01 05:46:11","","2022-12-01","05:46:11"
"20592","uma onça ?","2022-12-01 11:10:02","1040410052.0","2022-12-01","11:10:02"
"20589","Quando você usa uma camisa do Brasil na rua sem ser dia de jogo do Brasil kkkkkkk só para descontrair","2022-12-01 09:15:47","1601556206.0","2022-12-01","09:15:47"
"20591","Hey there Joey Ramone, and welcome to O conhecimento é o caminho para a liberdade.! How are you?","2022-12-01 10:58:19","609517172.0","2022-12-01","10:58:19"
"20595","Bom dia, estou vendendo quem quiser adquirir comigo 😌","2022-12-01 12:15:46","2090762059.0","2022-12-01","12:15:46"
"20596","Uma onça bebendo água. 😁😁😁","2022-12-01 12:18:11","777083306.0","2022-12-01","12:18:11"
"20597","https://youtu.be/AWoT9zuRavE","2022-12-01 13:04:00","777083306.0","2022-12-01","13:04:00"
"20599","Enfia no teu cu filho da puta","2022-12-01 13:16:21","1990119643.0","2022-12-01","13:16:21"
"20600","Ala, o gado tá nervoso","2022-12-01 13:16:48","2090762059.0","2022-12-01","13:16:48"
"20605","🌩

Uma homenagem aos infiltrados aqui no canal 

😂😂😂😂😂😂😂😂","2022-12-01 13:19:20","1013859532.0","2022-12-01","13:19:20"
"20606","Vai com tua família","2022-12-01 13:19:35","1013859532.0","2022-12-01","13:19:35"
"20607","😂😂😂😂😂😂😂😂","2022-12-01 13:19:56","1013859532.0","2022-12-01","13:19:56"
"20608","O desmame tá sendo difícil pra vocês né","2022-12-01 13:22:29","2090762059.0","2022-12-01","13:22:29"
"20609","Até hoje tão chorando","2022-12-01 13:22:36","2090762059.0","2022-12-01","13:22:36"
"20610","O GRUPO 🚫 ∆NTI-SISTEM∆ 🚫 AGORA É PRIVADO E RESTRITO

MAS VAMOS DEIXAR UM LINK DE CONVITE EXCLUSIVO DISPONÍVEL POR 24 HORAS

SIGAM-NOS OS BONS! ⤵️
https://t.me/+EMVLfuqhBeo3YjZh","2022-12-01 13:28:45","1427669846.0","2022-12-01","13:28:45"
"20611","NOSSOS 'VIZINHOS' JÁ ANUNCIAM A 'CORRIDA' AO NOSSO DINHEIRO!!!","2022-12-01 13:33:28","777083306.0","2022-12-01","13:33:28"
"20612","Em Wuhan - China, o povo luta contra a ditadura sanitária.

Desejamos de coração que eles sejam vitoriosos nessa grande guerra!

t.me/apocalipserd","2022-12-01 13:51:22","777083306.0","2022-12-01","13:51:22"
"20615","Excelente exposición sobre los chemtrails 

Unite a Plandemia:
https://t.me/PLANDEMIA_MUNDIAL_COVID","2022-12-01 13:59:42","777083306.0","2022-12-01","13:59:42"
"20617","https://www.elconfidencial.com/mundo/2022-11-29/reino-unido-huevos-crisis-racionamiento-supermercados_3531980/

Reino Unido no tiene huevos: una doble crisis obliga al racionamiento en supermercados

Unite a Plandemia:
https://t.me/PLANDEMIA_MUNDIAL_COVID","2022-12-01 14:01:16","777083306.0","2022-12-01","14:01:16"
"20618","Unite a Plandemia:
https://t.me/PLANDEMIA_MUNDIAL_COVID","2022-12-01 14:02:54","777083306.0","2022-12-01","14:02:54"
"20619","🎥Confirmação visual da remoção de barreiras físicas (por civis) sendo reportada nesta tarde (horário local) na cidade de Pingdingshan, China, barreiras que fazem parte política de “Covid zero” que é adotada em todo o território nacional (trancam bairros e cidades inteiras, com milhões de pessoas, as vezes por conta de um caso de transmissão local / o lockdown local é sempre feito com barreiras físicas, grades, gigantescos portões, portas de apartamentos e casas trancadas com barreiras, soldas, arames, etc).

Essa região foi trancada no dia 24/10*","2022-12-01 14:05:23","777083306.0","2022-12-01","14:05:23"
"20620","🎥Confirmação visual de conflitos sendo reportados nesta tarde e noite (horário local) nos subúrbios da capital Pequim contra a política de “Covid zero” que é adotada em todo o território nacional (trancam bairros e cidades inteiras, com milhões de pessoas, as vezes por conta de um caso de transmissão local / o lockdown local é sempre feito com barreiras físicas, grades, gigantescos portões, portas de apartamentos e casas trancadas com barreiras, soldas, arames, etc).

O regime aparentemente optará por relaxar as regras nos próximos dias com o argumento de que a doença “já não tem mais a mortalidade de antes”* (provavelmente para não perder o controle da situação)","2022-12-01 14:06:34","777083306.0","2022-12-01","14:06:34"
"20621","E QUEM DISSE QUE IRIA SER FÁCIL?

A perseguição vem para quem não se curva perante toda essa imundície. O caminho estreito é cheio de verdades duras nas quais muitos não querem ouvir.

Não é confortável, você passa a ser rejeitado, criticado, mas se fosse atrativo, proporcionando falsas ilusões vários estariam querendo seguir. 

Ter medo, qualquer um aqui pode ter, mas somos filhos do Altíssimo. Estamos nessa para trazer a verdade. 

A coragem e resistência está selada em nosso DNA a assinatura do Pai.

@atalaiapost 👊","2022-12-01 14:23:39","777083306.0","2022-12-01","14:23:39"
"20622","@DERRUBANDOaPEDOFILIA

ELES GANHAM MILHÕES TODO ANO PARA NORMALIZAREM A PEDOFILIA NA CABEÇA DOS PEQUENOS...

Cuidado com a rede.

@DERRUBANDOaPEDOFILIA

CANAIS 
@DERRUBANDOASPEDRASGUIASDAGEORGIA","2022-12-01 14:25:08","777083306.0","2022-12-01","14:25:08"
"20623","@DERRUBANDOaPEDOFiLIA

NA REDE A NORMALIZAÇÃO DA PEDOFILIA JÁ ESTA FEITA...

@DERRUBANDOaPEDOFiLIA

CANAIS
@DERRUBANDOASPEDRASGUIASDAGEORGIA","2022-12-01 14:25:28","777083306.0","2022-12-01","14:25:28"
"20624","@DERRUBANDOaPEDOFILIA

ESTE CANAL TEM A INTENÇÃO DE COMBATER A PEDOFILIA DENUNCIANDO E EXPONDO O QUE ACONTECE DIARIAMENTE E É OCULTADO PELAS MÍDIAS TRADICIONAIS.

@DERRUBANDOaPEDOFILIA

CANAIS
@DERRUBANDOASPEDRASGUIASDAGEORGIA","2022-12-01 14:26:25","777083306.0","2022-12-01","14:26:25"
"20625","O agro da Holanda está sendo destruído pelas políticas verdes da Agenda 2030. Caminhoneiros e produtores estão indo para cima num bloqueio total.","2022-12-01 16:40:32","777083306.0","2022-12-01","16:40:32"
"20665","Me? I'm someone really interested to understand ours comom enemy","2022-12-01 22:38:25","1215694019.0","2022-12-01","22:38:25"
"20627","🌩

🇧🇷

A importância do Eduardo Bolsonaro","2022-12-01 16:42:47","777083306.0","2022-12-01","16:42:47"
"20628","📍Karen Lopes  -  Agente do caos 
“Comecei a incentivar o povo a fazer baderna..”  Infiltrada que levou pessoas para o Senado ontem. A “invasão “ no senado não é invasão. São manifestantes que assistiram à Comissão de Transparência e ao sairem da sala fizeram esse ATO lá.","2022-12-01 16:50:45","777083306.0","2022-12-01","16:50:45"
"20630","✅ Sigam nosso canal @nocentrodopoder e fiquem por dentro dos bastidores da política.","2022-12-01 16:56:32","777083306.0","2022-12-01","16:56:32"
"20631","✅ Sigam nosso canal @nocentrodopoder e fiquem por dentro dos bastidores da política.","2022-12-01 16:57:46","777083306.0","2022-12-01","16:57:46"
"20632","✅ Sigam nosso canal @nocentrodopoder e fiquem por dentro dos bastidores da política.","2022-12-01 16:59:26","777083306.0","2022-12-01","16:59:26"
"20633","✅ Sigam nosso canal @nocentrodopoder e fiquem por dentro dos bastidores da política.","2022-12-01 17:04:31","777083306.0","2022-12-01","17:04:31"
"20634","De Rafapal

🇪🇦🇪🇦

Acabei de descobrir por que há pressa em implementar CBDCs e por que se fala tanto sobre a data de março de 2023: nesse mês, os sistemas de pagamento bancário devem ser atualizados para o padrão ISO 20022. E em julho, o Federal Reserve . Esse é o prazo do sistema de pagamento atual. A partir daí, competem dois sistemas de pagamento: o dos BRICS e o dos globalistas.
https://twitter.com/DefendDark/status/1598309256347979776?t=M2K__2bDFNulTRqGtgC3Vw&s=19","2022-12-01 17:23:18","777083306.0","2022-12-01","17:23:18"
"20635","ÚLTIMA HORA: Campo da Covid incendiado no oeste da China.

 CIA no terreno.  Nada é o que parece.

 @GeneralMCNews","2022-12-01 17:24:30","777083306.0","2022-12-01","17:24:30"
"20636","🇨🇳 China - Haizhu, #Guangzhou, #CCPChina 
Manifestantes pacíficos enfrentam carros blindados e policiais armados que patrulham dia e noite em resposta ao #ChinaUprising contra a #ZeroCovidPolicy. Os avisos às pessoas são emitidos constantemente por meio de alto-falantes.

✅ Sigam nosso canal @nocentrodopoder e fiquem por dentro dos bastidores da política.","2022-12-01 17:37:39","777083306.0","2022-12-01","17:37:39"
"20637","👍","2022-12-01 17:47:57","5611047260.0","2022-12-01","17:47:57"
"20638","Sabe qual e problema da imunidade natural ela e de graça😁😁👍👊

http://t.me/apocalipserd","2022-12-01 17:50:22","777083306.0","2022-12-01","17:50:22"
"20639","Tempos sombrios. Lutar é o que nos resta 🪖🇧🇷🤜","2022-12-01 18:04:48","777083306.0","2022-12-01","18:04:48"
"20640","Povo de heróis escrevendo sua própria história!
Muitos já perderam a própria vida por essa luta!
Não é hora de briga entre nós, vamos nos unir, e não se incomodem com os infiltrados da esquerda caviar, nosso objetivo é um país livre do comunismo no poder!

✅ Sigam nosso canal @nocentrodopoder e fiquem por dentro dos bastidores da política.","2022-12-01 18:07:43","777083306.0","2022-12-01","18:07:43"
"20641","Neste episódio da série do arquivo x é mostrado de forma explícita como funciona o plano da elite.

t.me/apocalipserd","2022-12-01 18:16:23","777083306.0","2022-12-01","18:16:23"
"20642","⚠️A AUSTRÁLIA RETIRA DEZENAS DE MILHARES DE MULTAS POR NÃO COMPARECER Á VACINAÇÃO COVID-19..
29 de novembro de 2022

As autoridades de New South Wales estão retirando as sanções depois de perder uma batalha legal.
Como autoridades do estado mais alto da Austrália, New South Wales (NSW), dissemos que suspendíamos ou reembolsávamos dezenas de milhares de multas privativas por violação de restrições durante a pandemia.

A mudança segue uma derrota que o governo de NSW sofreu na terça-feira em uma batalha judicial contra o grupo de defesa gratuita Redfern Legal Center👏👏🤩🥳🥳🥳🥳🥳🥳

https://www.rt.com/news/567364-australia-covid-fines-court/

https://www.dailymail.co.uk/news/article-11479153/

Siga-nos
t.me/apocalipserd","2022-12-01 18:17:15","777083306.0","2022-12-01","18:17:15"
"20643","https://www.facebook.com/100064691240188/posts/pfbid02kwoZ9p7X3c6NDzTRp3tXmzQ3zTqQWUoUbGvWKoYbCqBJvVjhQYk8BFpPixCCo3gtl/?sfnsn=wiwspmo&mibextid=decfx3","2022-12-01 19:21:56","2011342135.0","2022-12-01","19:21:56"
"20644","Saved by @InstantMediaBot

Imannuel Slv - Fato
Fato","2022-12-01 19:22:08","1965706498.0","2022-12-01","19:22:08"
"20645","Tente assistir e não vomitar. Rodrigo Pacheco anuncia propostas de Renan Calheiros para coibir “atentados à democracia”. Um verme tem mais caráter. O maior atentado à democracia é você se calar, se omitir e permitir que ministros do STF rasguem a Constituição.","2022-12-01 19:39:24","777083306.0","2022-12-01","19:39:24"
"20646","🤮🤮🤮","2022-12-01 19:43:42","1598722783.0","2022-12-01","19:43:42"
"20647","Muito bom, parabéns 👏 ao guerreiros","2022-12-01 19:48:32","777083306.0","2022-12-01","19:48:32"
"20648","Telegram é seguro sim, é bem privativo e respeita a liberdade de expressão de seus usuários. Seus dados jamais serão entregues, confia, não é necessário não ir pra outras redes mais descentralizadas tipo o Matrix ou Tox. Viva o Pavel Durov, guardião de nossa liberdade de expressão! É verdade esse bilhete.","2022-12-01 19:52:54","730989819.0","2022-12-01","19:52:54"
"20649","https://t.me/+TllyBZ6Dedxj7fPI","2022-12-01 19:53:25","813996928.0","2022-12-01","19:53:25"
"20650","Um código QR verde é necessário para acessar transporte público, lojas ou ir ao trabalho. Isso significa que seu teste de COVID não pode ter mais de 48 horas. Mantê-lo atualizado custa cada pessoa 💵 50 por mês em taxas de teste.","2022-12-01 19:59:00","777083306.0","2022-12-01","19:59:00"
"20653","Saved by @InstantMediaBot

Fiquem atentos com os sintomas da doença causada pelo Adenovírus!!!","2022-12-01 20:26:24","1965706498.0","2022-12-01","20:26:24"
"20655","🇨🇳 China - Capangas do ditador chinês invadem a casa de um cidadão que havia se posicionado nas redes sociais contra o ""governo"", eles agridem o homem na frente das crianças. A gravação é da câmera de segurança que ele instalou na casa antes de se posicionar.⚡️🔥🔥

http://t.me/apocalipserd","2022-12-01 20:38:53","777083306.0","2022-12-01","20:38:53"
"20657","OUÇAM E COMPARTILHEM!
ESTAMOS DANDO UMA AULA DE PATRIOTISMO AO MUNDO INTEIRO!!! AQUI É BRASIL!!!
O MUNDO JÁ MUDOU O CONCEITO A NOSSO RESPEITO! RESGATAMOS A NOSSA DIGNIDADE COMO NAÇÃO! YANKES, EUROPEUS, PAÍSES DA AMÉRICA LATINA, ENGOLIRAM A FRAUDE VERMELHA MAS AQUI ELES NÃO PASSARÃO!!! PRA CIMA DELES BRASIL!!! 
BOLSONARO E FORÇAS ARMADAS DO BRASIL, ESTAMOS TODOS COM VOCÊS!!! NÃO PERMITIREMOS DIVISÃO ENTRE NÓS! 
LARGUEM O AÇO!!!
🇧🇷🦾🤝","2022-12-01 21:34:40","443731443.0","2022-12-01","21:34:40"
"20658","Texto:
 Eu estou chorando e choro porque eu vi lá em Brasília de perto o que está acontecendo. Eu vi os bastidores das manifestações. Nós saímos daqui sabendo que quem ia nos receber seria o pessoal do Mato Grosso, da cidade chamada Juína e nós nos dirigimos pra esse acampamento. Em frente ao quartel General do Exército em Brasília existem milhões de brasileiros. Barracas são armadas quase que uma em cima da outra. Porque não para de chegar gente, não para de chegar brasileiro indignado. E essas pessoas estão lá. Eh em situações quase precárias. Alimentação não falta porque tem muita doação nós chegamos e conseguimos eh o almoço bem feito eh a solidariedade é grande as pessoas estão com senso de cristianismo muito bonito as orações de clamor as orações de pedido de súplica e de agradecimento são durante todo o dia. As pessoas que chegam são bem recebidas. Mas é muito precário aquela região toda gramada. A grama já acabou de tanto ônibus, caminhão e gente passando pra lá e pra cá e carro. Tem só uma terra vermelha que quando a chuva vem, que assola as barracas, joga tudo de perna pra cima, faz aquela confusão, vê a lama, atola a gente até o joelho. O banho é numa barraca de lona amarela e a gente pega uma caneca e um balde, toma banho na água fria. A noite a gente reveza, uns vão pra vigi outros vem dormir. Aqui eles dormem um pouco e voltam pra vigília. Vigília a noite inteira em frente ao quartel. General do exército. É uma coisa bonita. A gente tem vontade de não sair de lá. Porque a gente sabe que está lutando por uma causa. Lutando por nossos filhos. Lutando por nossos netos mas ao mesmo tempo é doloroso é dolorido tem homem chorando dizendo tem trinta dias que eu larguei minha família mulheres dizendo quando a chuva vem e joga a barraca de perna pra cima eu fico sem uma calcinha seca pra vestir eu fiquei impressionada com a garra daquele povo. Um povo brasileiro que todo mundo diz que é um povo covarde, que é um povo que não está nem aí pra nada, que é um povo que gosta de futebol, um povo que gosta de cerveja e de mulher pelada. Um povo que que é fútil. Não, não, não, não. Esse povo não é food o brasileiro está lá de joelho no chão de joelhos no chão diante do quartel e diante do senhor Jesus suplicando misericórdia eu estou tocada de emoção do que eu vi do que eu presenciei é muita gente homem e mulher ricos e pobres. Tem homem lá que tem família lá de carrão, de barracas suntuosas mas também tem aqueles com as barraquinha mais mequetrefe do mundo, dos barraquinha mais arrasada. Mas está tudo lá, todo mundo lá. Um ajudando o outro. É uma solidariedade impressionante. Tem de evangélicos, evangélicos que clamam e rezam e gritam misericórdia o dia inteiro. E tem barraca de católicos mas não tem um padre que vai lá e dá assistência ao povo. Mas tem pastor, muitos pastores dando assistência ao povo. Mas a igreja católica se omite eu entendo porquê isso? Por que que a igreja católica se omite vem do povo sofrer e não diz nada, não faz nada, não toma posição. Isso é um absurdo, isso é um absurdo. É só quem viu de perto aqui consegue eh explicar o que está acontecendo em Brasília o que está acontecendo em Brasília é surreal. E eu estou impressionada. As pessoas estão lá e dizem que não sai. Se precisar ficar mais um mês vão ficar. Elas não vão sair. Porque do que que adianta você ter vida se você não tem liberdade. A liberdade é mais preciosa do que a vida. Pra que pra que está vivo você não tem direito de ir e vir, não tem direito de falar, não tem direito de pensar. Pra que isso? Pra que essa vida? Eles estão lá gritando contra essa censura absurda do do Supremo Tribunal Federal. Isso é um absurdo! Gente! Está na hora! Se não for agora a gente vai perder esse","2022-12-01 21:34:40","443731443.0","2022-12-01","21:34:40"
"20661","Hey there Claudia, and welcome to O conhecimento é o caminho para a liberdade.! How are you?","2022-12-01 22:00:06","609517172.0","2022-12-01","22:00:06"
"20664","Hey there Rá 🤚, and welcome to O conhecimento é o caminho para a liberdade.! How are you?","2022-12-01 22:36:26","609517172.0","2022-12-01","22:36:26"
"20667","Instale o Telegram e junte se a nós na distribuição de informações e verdades! 🇧🇷📖🙌🏼
t.me/averdadeaqualquerpreco","2022-12-01 22:54:42","1369863686.0","2022-12-01","22:54:42"
"20668","ESSE VIDEO É DE HOJE 1 DE DEZEMBRO DE 2022 
09:07

OS DE ESQUERDA JA ESTAO TOMANDO POSICAO PADA INVADIR OS 3 PODERES ! 

VOCES DA SUA PARTE NAO SAIAM DA FRENTE DOS QUARTEIS  !","2022-12-01 23:12:03","443731443.0","2022-12-01","23:12:03"
"20669","Ao estilo Westworld, réplicas humanas estão sendo feitas cada vez mais para propósitos macabros. Prepare-se para o que está por vir.

Siga no Youtube:
https://www.youtube.com/channel/UCg4rzu6y_JcOg-hwLo6pnog?sub_confirmation=1","2022-12-01 23:12:10","2014030091.0","2022-12-01","23:12:10"
"20671","Hey there Oliver, and welcome to O conhecimento é o caminho para a liberdade.! How are you?","2022-12-01 23:15:09","609517172.0","2022-12-01","23:15:09"
"20603","Pera ai","2022-12-01 13:17:34","1013859532.0","2022-12-01","13:17:34"
"20604","Ui","2022-12-01 13:18:21","2090762059.0","2022-12-01","13:18:21"
"20616","https://derechadiario.com.ar/latinoamerica/latinoamerica_brasil/bahia-bastion-del-pt-anuncia-pase-sanitario-y-nuevas-restricciones-por-covid-anticipando-el-gobierno-que-se-viene-si-asume-lula

Brasil

Esta es la antesala de lo que le espera a Brasil con Lula

Bahia, bastión del PT, anuncia ""pase sanitario"" y nuevas restricciones por Covid, anticipando lo que se viene si asume Lula

Unite a Plandemia:
https://t.me/PLANDEMIA_MUNDIAL_COVID","2022-12-01 14:00:26","777083306.0","2022-12-01","14:00:26"
"20652","https://www.instagram.com/reel/Cktn5rQAY6u/?igshid=MDJmNzVkMjY=","2022-12-01 20:26:21","2011342135.0","2022-12-01","20:26:21"
